0.06412409
0.0742342
0.82292527
0.87528205
0.8755545
0.11088813
0.06228923
0.8796935
0.87572825
0.06592766
0.06723718
0.6882891
0.8820916
0.07328146
0.06328996
0.70989645
0.06663789
0.8754294
0.06483059
0.06512881
0.06152523
0.8754108
0.06427431
0.87522674
0.06240854
0.06620342
0.87556
0.06787283
0.8741259
0.8756025
0.06109602
0.06155129
0.87572896
0.05974776
0.87548697
0.8755872
0.06063171
0.06472
0.8752295
0.06005871
0.8754761
0.8783339
0.06290398
0.87430906
0.0682497
0.06780596
0.0651107
0.875381
0.06101228
0.0650422
0.06111021
0.8756738
0.05997888
0.06020599
0.87537944
0.8753428
0.87556046
0.8755206
0.8757015
0.8420966
0.06223761
0.8756224
0.06041434
0.87535393
0.8756717
0.3717499
0.06741474
0.06202721
0.06468941
0.8754914
0.8756099
0.3282442
0.87574637
0.0612071
0.06673681
0.87541723
0.747394
0.06096308
0.875548
0.87551975
0.06075917
0.87390053
0.8753377
0.87585163
0.87573034
0.8755374
0.87567854
0.06367261
0.06242077
0.8755065
0.0657061
0.0637632
0.09570453
0.8745939
0.28539893
0.06908745
0.87578034
0.06260487
0.87542146
0.1562808
0.8753954
0.06184233
0.06935323
0.8746405
0.87531704
0.8749607
0.87482405
0.7013307
0.87540674
0.8756344
0.87968653
0.09952633
0.06684291
0.8749453
0.06287052
0.87544155
0.07644594
0.06273537
0.06307377
0.07637599
0.06147829
0.88518965
0.06482752
0.8754016
0.0642463
0.87543744
0.06423569
0.8874116
0.87548816
0.06044635
0.86824185
0.87515056
0.8754727
0.87558675
0.874987
0.11017721
0.07042044
0.05990047
0.87378454
0.8752757
0.07274885
0.8757008
0.8754445
0.06391528
0.06084514
0.8751761
0.06284093
0.06538282
0.06533982
0.87580955
0.06395703
0.8832274
0.8754994
0.06479902
0.0630519
0.06006142
0.8756672
0.06017265
0.8754739
0.87582433
0.8750796
0.87533826
0.06169605
0.06784457
0.8747538
0.8756649
0.8755437
0.8751096
0.06178647
0.0722153
0.87464696
0.06846015
0.36184248
0.87533057
0.8755577
0.8755739
0.87534547
0.08051217
0.0620609
0.8757502
0.06595821
0.066851
0.8756234
0.06396899
0.06615417
0.8620829
0.06768517
0.8754069
0.88166064
0.06299909
0.07322332
0.8752858
0.7944655
0.87180156
0.69693893
0.8768763
0.07097942
0.06305224
0.0595024
0.87568563
0.87562495
0.8756378
0.06191289
0.8755751
0.07095367
0.06393679
0.0601457
0.06383718
0.8755621
0.87367266
0.10694889
0.06398972
0.8755192
0.87078744
0.87553245
0.3939492
0.87430596
0.8740953
0.06197822
0.87529314
0.882796
0.8757721
0.87564117
0.06949882
0.8754978
0.87563413
0.87574327
0.06219324
0.06512238
0.87565285
0.87564874
0.87536544
0.06215071
0.8752075
0.8753825
0.07581075
0.06303165
0.06228494
0.87552327
0.87533027
0.875225
0.06172567
0.06479742
0.06362032
0.06411804
0.06456117
0.06550892
0.06449012
0.8835708
0.8756573
0.87551016
0.87584496
0.06170271
0.06183743
0.87525475
0.06704242
0.06270017
0.875559
0.8750278
0.8752563
0.12708177
0.06082169
0.0593897
0.06716095
0.06259688
0.10927267
0.8745175
0.07595757
0.24599631
0.09050555
0.06331023
0.87566227
0.87488663
0.87566686
0.06222098
0.06364124
0.8830994
0.0759028
0.8744956
0.06013257
0.87540996
0.07474975
0.6653879
0.87579054
0.06924553
0.06226102
0.06287432
0.06180804
0.87532234
0.06557545
0.8757246
0.08048553
0.87768877
0.875438
0.82584596
0.85110515
0.11813309
0.8757025
0.8756736
0.87524104
0.87560815
0.88509005
0.8756323
0.06707322
0.06232567
0.06518219
0.06703676
0.87543935
0.06175901
0.87939835
0.8875152
0.06541444
0.06139359
0.7265984
0.06312665
0.08547764
0.87487113
0.06283902
0.06780771
0.06181386
0.87574756
0.06916694
0.87417513
0.8757212
0.06375092
0.06449477
0.8757801
0.07930575
0.06292388
0.37755135
0.8753721
0.8755507
0.06566355
0.06187088
0.08970635
0.06017152
0.05986391
0.06152086
0.06636174
0.8757331
0.06333786
0.06322308
0.8754474
0.88457775
0.87526935
0.8714182
0.06238008
0.861522
0.06270205
0.8766233
0.87516254
0.07155671
0.8755981
0.06495286
0.87554556
0.06440535
0.06226019
0.06315221
0.81811094
0.8756479
0.06275828
0.87564826
0.0654184
0.8790626
0.07839169
0.06486262
0.06096195
0.1382712
0.07113225
0.87569195
0.07528211
0.1761235
0.06067626
0.07469119
0.06192011
0.06494246
0.87579006
0.87568235
0.87550175
0.0613182
0.87543243
0.08287685
0.87568355
0.87546754
0.8757832
0.87578374
0.8755385
0.8753942
0.06244562
0.06227494
0.87550354
0.06250101
0.10542994
0.06371009
0.8758186
0.8731959
0.87559426
0.06111573
0.8757005
0.0608878
0.07086226
0.87571335
0.87545526
0.06266279
0.06313009
0.8756306
0.0715566
0.87562406
0.87554675
0.87588763
0.0594135
0.8755022
0.875529
0.06492388
0.8756809
0.87547326
0.87221974
0.08210034
0.87579846
0.87537736
0.72727627
0.87527615
0.8812019
0.87393343
0.06033095
0.06599595
0.08995739
0.05962621
0.06387301
0.06113845
0.8751296
0.05979396
0.8757853
0.13032058
0.06612384
0.8741038
0.07659652
0.8736914
0.05984891
0.06118672
0.05956625
0.8757483
0.8755871
0.87555605
0.07118542
0.06136851
0.06342799
0.87554854
0.09308081
0.09867808
0.87579805
0.06799869
0.06174393
0.06301522
0.06448838
0.07801589
0.8756554
0.06543889
0.8786529
0.87523973
0.08158027
0.8752688
0.87538224
0.06152268
0.87513924
0.25903666
0.06219914
0.87547874
0.06297698
0.06282325
0.063481
0.07697938
0.8754822
0.4237132
0.7135283
0.06357611
0.8781882
0.08263654
0.87551814
0.8150726
0.87573
0.06321255
0.87569636
0.8753187
0.06060025
0.06601615
0.06283893
0.8714494
0.87408876
0.06140187
0.87540156
0.88755375
0.06204654
0.06415629
0.20337613
0.06154519
0.06939559
0.06109399
0.8754485
0.0616642
0.08245789
0.8866778
0.05937103
0.07034851
0.06694937
0.87555873
0.8753102
0.06597198
0.8756374
0.0618989
0.7921002
0.06195911
0.875301
0.08865301
0.87546587
0.06984036
0.8749287
0.25826105
0.06173191
0.0668448
0.0608872
0.06975291
0.87677246
0.8750858
0.23868008
0.8261239
0.87532836
0.0593331
0.0844698
0.06190237
0.0666159
0.8757823
0.05977
0.8756032
0.87560076
0.875202
0.87559617
0.0633228
0.8757142
0.06020948
0.87544477
0.08176958
0.8757471
0.0634065
0.0963288
0.87506247
0.28222758
0.06933852
0.8757738
0.0640122
0.15957113
0.06034135
0.05990595
0.06198217
0.87503684
0.07470045
0.0837677
0.8748428
0.06856152
0.07316303
0.05991881
0.06370065
0.0614582
0.8755509
0.83408546
0.8754295
0.06445712
0.87565035
0.8740254
0.8752458
0.06212919
0.06030574
0.06888398
0.07652482
0.8758086
0.82890373
0.0598193
0.06116916
0.87578493
0.87532145
0.8754178
0.06809549
0.8837811
0.8849497
0.06030333
0.87517524
0.8752428
0.10527162
0.06723216
0.06231419
0.886948
0.7058871
0.8754569
0.062337
0.0828979
0.06106756
0.0665799
0.8754132
0.06324175
0.8754782
0.07547944
0.25842854
0.88515615
0.06133485
0.8752659
0.87464213
0.87559646
0.8756849
0.06190532
0.8756652
0.8754537
0.05990827
0.8742795
0.06975042
0.87409914
0.05975138
0.87518275
0.06102436
0.07410791
0.07880837
0.8754403
0.06460283
0.8756641
0.8755871
0.0594233
0.05946267
0.06172394
0.8753185
0.06160058
0.08626511
0.06308339
0.8684317
0.06522158
0.05996305
0.87551284
0.8755505
0.87572193
0.8754921
0.8740413
0.8756258
0.86823356
0.06118957
0.8751345
0.06369965
0.8737869
0.8754762
0.06670485
0.0619007
0.06736858
0.84045315
0.06412809
0.06470221
0.8747796
0.8749984
0.87561005
0.06631254
0.7909375
0.07279034
0.8841614
0.8739483
0.87537307
0.06523688
0.061731
0.06631298
0.06418079
0.8742939
0.8753827
0.829361
0.88427114
0.87564313
0.06475456
0.87528557
0.05990988
0.06255965
0.8757662
0.8753766
0.06436214
0.8751997
0.87516
0.8439909
0.05998105
0.06342772
0.06322336
0.06790411
0.05980524
0.06571127
0.8756531
0.87541837
0.8795539
0.06679118
0.06184202
0.87554204
0.12223938
0.8756959
0.0617994
0.8756755
0.07556804
0.06527767
0.87531304
0.87521815
0.07221258
0.87536985
0.06231519
0.06321257
0.87486875
0.8756607
0.06857417
0.88438356
0.8757652
0.0635372
0.8755432
0.87529814
0.06701685
0.06146098
0.8753516
0.87566537
0.06928147
0.87531704
0.0698375
0.06154874
0.06515445
0.0645856
0.06000399
0.05948605
0.8756884
0.8874996
0.05927584
0.063173
0.888272
0.883838
0.06797582
0.06280195
0.8753897
0.06162354
0.8755354
0.06390285
0.87552917
0.06041155
0.05945377
0.06039984
0.875463
0.87566864
0.05974491
0.87541425
0.8757846
0.87443966
0.06020421
0.87539023
0.87156236
0.8756287
0.06781449
0.06997375
0.8755332
0.06065771
0.87543076
0.87524456
0.06128462
0.06260309
0.06475901
0.87568027
0.8415184
0.06225684
0.8750416
0.06325445
0.87417036
0.08503189
0.8757661
0.8757101
0.8949688
0.06939496
0.07131504
0.8647703
0.8847826
0.87747186
0.8963046
0.0753421
0.89085466
0.07597675
0.89674526
0.8942583
0.07273081
0.07280793
0.90265524
0.8947651
0.07147918
0.32066786
0.90160215
0.8961213
0.06958391
0.07302956
0.07658862
0.07053943
0.09431925
0.9055356
0.8926731
0.8965217
0.09339027
0.5082776
0.89267683
0.89756984
0.06912152
0.23534931
0.8992013
0.8990021
0.7778891
0.8405907
0.07192189
0.07148232
0.0710465
0.7276395
0.8936306
0.07227858
0.8827982
0.06826277
0.0688615
0.9032249
0.07053014
0.07215399
0.09216156
0.84377766
0.89618665
0.8957424
0.8968299
0.07048292
0.07270817
0.89160514
0.06863844
0.07585629
0.07224119
0.9007593
0.90038455
0.7046511
0.84537935
0.89579886
0.07314136
0.08887155
0.891932
0.07764512
0.22223324
0.89299774
0.89706504
0.88862413
0.06952435
0.06889695
0.89285487
0.90187806
0.13092333
0.5551456
0.90476584
0.07386927
0.89460945
0.08801838
0.8978234
0.90022236
0.8954039
0.9004844
0.8954332
0.9000064
0.89627606
0.07083476
0.8947611
0.08340679
0.08307792
0.07104675
0.07604941
0.8987688
0.06957122
0.90348345
0.07154679
0.8954051
0.9042106
0.07099005
0.07035411
0.8993259
0.06963603
0.07089826
0.90118164
0.06816672
0.9010423
0.0701427
0.20654877
0.89529884
0.8770387
0.0718831
0.07047388
0.8954397
0.89890224
0.89921993
0.07381596
0.9029727
0.65619594
0.9029202
0.88367355
0.09771381
0.8969404
0.07042132
0.36748764
0.25844675
0.9038041
0.07354555
0.07237818
0.14830492
0.07392804
0.1873597
0.09168933
0.5080019
0.07150496
0.8949332
0.45872435
0.07249278
0.8951196
0.07635186
0.09244638
0.09710971
0.8865813
0.0869787
0.06921218
0.8938276
0.89860547
0.07540381
0.9034093
0.07336717
0.07595593
0.9038234
0.9029502
0.06885611
0.9044496
0.54285747
0.07506188
0.07976688
0.07381048
0.07449779
0.88747793
0.8916292
0.07591392
0.89653486
0.07345945
0.06904559
0.07236557
0.07684537
0.90427643
0.09130334
0.06948783
0.07238633
0.898132
0.9001053
0.06915709
0.8979243
0.89482373
0.83801305
0.08279647
0.10756775
0.8982157
0.07162705
0.89433914
0.89963204
0.8950311
0.07057053
0.07395834
0.0684552
0.90400666
0.08458822
0.0689237
0.07468208
0.06889175
0.8964866
0.9007559
0.0686243
0.8792714
0.07542364
0.90233475
0.3549184
0.8988692
0.87836915
0.8972173
0.07331257
0.07512122
0.9024338
0.06917986
0.07242497
0.07343431
0.06950781
0.88929987
0.87696594
0.0699449
0.07134816
0.07024764
0.06767128
0.90462935
0.8994759
0.07414897
0.09412745
0.87818116
0.76533103
0.08231123
0.542876
0.0734517
0.06995206
0.8982424
0.72889566
0.07085807
0.9009422
0.06902105
0.6277113
0.07097367
0.9049483
0.08611518
0.8454849
0.13725263
0.89406437
0.07503238
0.06964746
0.07658818
0.8998591
0.07326933
0.06934768
0.8971518
0.07008351
0.08448996
0.07018174
0.07083478
0.8927313
0.8769751
0.06998948
0.7575911
0.07737986
0.07054268
0.8933748
0.1403944
0.07001533
0.8973037
0.33810633
0.06857188
0.06984584
0.07463287
0.8873778
0.07286125
0.14788535
0.9001929
0.07114304
0.8210763
0.8954807
0.8985632
0.90408874
0.07429989
0.89868915
0.07891276
0.3609608
0.88804126
0.8984565
0.07121643
0.8984598
0.8967125
0.07480513
0.07286827
0.9014727
0.08126763
0.89620817
0.07074247
0.8991649
0.8963977
0.5032672
0.06892049
0.89936244
0.89602727
0.06877013
0.5442951
0.8984091
0.8947439
0.08159383
0.8951998
0.8953335
0.07416368
0.89362186
0.08489723
0.07302003
0.07371694
0.07353501
0.9000923
0.89938366
0.89417803
0.06862292
0.11184025
0.07175523
0.9003009
0.06874283
0.8933429
0.8939233
0.07562143
0.0713417
0.899499
0.09892639
0.90208584
0.8889469
0.07108403
0.902161
0.89103955
0.9004744
0.07273052
0.07262482
0.09062567
0.90012026
0.8959788
0.8982676
0.07987831
0.06897395
0.06902875
0.06881112
0.12372853
0.07463894
0.8972016
0.08129805
0.9021748
0.5411094
0.07036621
0.06991536
0.88674587
0.8801691
0.12960729
0.8838379
0.07429228
0.06787072
0.10025477
0.07279158
0.0688628
0.0709569
0.8923924
0.8974659
0.9029068
0.07451223
0.09133448
0.07834187
0.8971031
0.07015742
0.24090526
0.07020238
0.07214361
0.8939574
0.07261692
0.07479987
0.8937343
0.06980266
0.88791996
0.07269508
0.15349047
0.11482456
0.89807856
0.07025035
0.08364008
0.06997113
0.8944373
0.90361464
0.9005215
0.07081429
0.10262789
0.0718084
0.06892456
0.06876684
0.89867306
0.09494252
0.9021905
0.8831946
0.88035846
0.07366729
0.07105277
0.90381604
0.07290134
0.89504695
0.8930315
0.6525249
0.9015415
0.0713506
0.71415716
0.07530938
0.07120287
0.85649097
0.9009396
0.09634665
0.09036727
0.89539236
0.07013252
0.8965504
0.07609566
0.8957355
0.07119336
0.07171465
0.09139144
0.06907588
0.07170471
0.07631402
0.06844608
0.6760187
0.07258251
0.89747363
0.07238367
0.0706314
0.07484482
0.88267
0.07518278
0.89863247
0.9000047
0.07171176
0.90089583
0.8995615
0.09915216
0.07742172
0.06965015
0.7534564
0.8937291
0.07093962
0.06875236
0.07192428
0.83648634
0.07254073
0.8935839
0.89409006
0.06975967
0.90279096
0.896785
0.07114173
0.07289644
0.07337725
0.90150124
0.9029296
0.2302816
0.06891171
0.0687877
0.07091422
0.8953345
0.8998865
0.068522
0.07152519
0.06841923
0.9008032
0.8975568
0.8964545
0.07825515
0.06923463
0.8922819
0.88278574
0.9016212
0.0754742
0.89456284
0.901356
0.89589643
0.894544
0.90395224
0.89678514
0.9002877
0.895089
0.89391685
0.08795831
0.8580161
0.805293
0.89614564
0.8903362
0.90354776
0.07306419
0.8681353
0.88020915
0.07420772
0.15065236
0.8944869
0.07792881
0.90415263
0.8898793
0.8982063
0.8970693
0.07646656
0.07122001
0.07222696
0.09260422
0.90074086
0.07478549
0.06979722
0.89535606
0.85785484
0.08888049
0.9001618
0.07391251
0.8740144
0.8968499
0.89985746
0.8895929
0.07203414
0.07238961
0.07347922
0.8982143
0.10429624
0.07078812
0.89592206
0.06822298
0.90422523
0.8970422
0.06957784
0.1902304
0.07422741
0.07238927
0.87812483
0.89925784
0.07051033
0.90050274
0.9002931
0.9045975
0.89186484
0.8892873
0.8981627
0.898888
0.89875674
0.06995174
0.8998423
0.0955322
0.07433046
0.90358573
0.11111276
0.8964241
0.07288563
0.8899668
0.07705007
0.34724233
0.08262923
0.89975023
0.06959879
0.0740537
0.90135926
0.8970881
0.8986087
0.07336254
0.9042085
0.9044539
0.89421016
0.89598054
0.07394969
0.8515621
0.8392652
0.07197612
0.89587224
0.8985184
0.07237177
0.8952418
0.07176404
0.8057108
0.90341836
0.06837015
0.07434832
0.82938623
0.0711757
0.07631733
0.86550754
0.89000267
0.5387384
0.0727771
0.89654934
0.89568007
0.8895259
0.89703244
0.07050711
0.8975536
0.07261922
0.07569898
0.8952924
0.43734634
0.07234485
0.07020032
0.07379206
0.07332406
0.8951434
0.90151256
0.6151871
0.0759678
0.07649131
0.07365276
0.07440154
0.06982614
0.06981654
0.06879957
0.8977261
0.89553875
0.7791428
0.89369005
0.07788274
0.0708093
0.8962937
0.8920811
0.07085119
0.88907796
0.07110519
0.07066991
0.900281
0.90073216
0.88243544
0.8982235
0.8972394
0.07863192
0.07737657
0.8894553
0.8995499
0.62016636
0.903294
0.06993759
0.8863068
0.9042768
0.06849618
0.11625022
0.071128
0.90159893
0.894153
0.06847162
0.09390602
0.8996955
0.08205123
0.07269222
0.0790948
0.89418656
0.89370203
0.8429497
0.08843512
0.9025891
0.0692971
0.0721109
0.46445268
0.88483804
0.9046053
0.07439791
0.14745791
0.07288957
0.89977145
0.9009354
0.8946383
0.89935
0.90375376
0.07020073
0.09011983
0.89420825
0.07071627
0.07380347
0.89977175
0.07376218
0.07121471
0.88228047
0.07568445
0.90126383
0.90084624
0.8952753
0.89403284
0.9033595
0.06999128
0.07249081
0.07714901
0.08744231
0.07405206
0.07508035
0.10581649
0.89292634
0.8657902
0.780463
0.8974084
0.07051467
0.06930175
0.8860334
0.89424604
0.08598627
0.8932235
0.07032271
0.0684101
0.87861913
0.07851947
0.8947552
0.9031712
0.07850998
0.07210113
0.07892996
0.07083621
0.07018983
0.8463939
0.69731236
0.89868075
0.85124254
0.07761493
0.88502365
0.09795551
0.8956021
0.08784488
0.1663358
0.89230675
0.09228791
0.8988007
0.89716744
0.8974098
0.07039572
0.08000235
0.0715572
0.13600849
0.9001649
0.15496895
0.90321624
0.8988618
0.07164834
0.90218574
0.07009476
0.07056138
0.90190184
0.07302621
0.07973746
0.90124786
0.06952354
0.07466821
0.07008777
0.06851987
0.14665203
0.90188694
0.08356981
0.07576241
0.07553941
0.06895353
0.08046953
0.07011309
0.07447682
0.07060397
0.06843258
0.8805301
0.89765245
0.89888436
0.144512
0.07565095
0.07349529
0.07043535
0.07771436
0.51649415
0.07373319
0.88966995
0.07517657
0.07660561
0.9042731
0.8866065
0.88667643
0.47430685
0.16528647
0.88660115
0.88667595
0.88564134
0.88588995
0.07900538
0.08882653
0.8859597
0.89637816
0.8863898
0.87333375
0.08484329
0.07925215
0.08235303
0.88657093
0.83438045
0.8863369
0.886421
0.8864958
0.886777
0.07822178
0.88607466
0.082276
0.08667348
0.08768977
0.08187585
0.5152856
0.88662195
0.09527909
0.07989178
0.08155546
0.88525164
0.89109975
0.24890754
0.8862222
0.8864738
0.8856911
0.0812806
0.10399417
0.08187397
0.08135761
0.88697416
0.0893802
0.8868118
0.08403116
0.08801472
0.09488416
0.18934426
0.08578508
0.09359421
0.08746495
0.8858173
0.11123544
0.22631857
0.88658196
0.88625795
0.8866226
0.09240702
0.08085714
0.08010941
0.07840113
0.88581795
0.8860604
0.08716041
0.8982831
0.08339409
0.07820685
0.88578594
0.8864135
0.88545114
0.80198413
0.08216247
0.8862248
0.081071
0.08390052
0.8867549
0.07900048
0.08429476
0.8862991
0.87467754
0.08313245
0.88535476
0.08109329
0.08379894
0.8859546
0.88690066
0.88656807
0.8604869
0.85686195
0.23726271
0.8869507
0.8913002
0.11083038
0.8073222
0.8862338
0.36134067
0.88662374
0.12683249
0.8864298
0.886533
0.08411969
0.19035988
0.73174113
0.8858735
0.89522153
0.08758779
0.8857061
0.88635135
0.08212569
0.8977463
0.08830432
0.82602763
0.88643104
0.8862209
0.8867316
0.11529623
0.08021381
0.8962754
0.08242738
0.07976658
0.079331
0.8869711
0.88618195
0.08002589
0.8862358
0.08385232
0.8861781
0.0931574
0.88666254
0.08221911
0.07693576
0.89760154
0.8867923
0.08193605
0.07734144
0.10122745
0.8431151
0.08236834
0.88653326
0.07790586
0.88643897
0.07873492
0.08134965
0.8845353
0.08596982
0.08198831
0.08578388
0.8864502
0.08069823
0.83923167
0.5038301
0.08824831
0.88667876
0.8859357
0.14288971
0.4563533
0.8856188
0.08148222
0.08276419
0.88680017
0.88647395
0.88632387
0.8864492
0.88661784
0.8869511
0.08132783
0.08012949
0.08111818
0.07998689
0.08160475
0.88592196
0.88618296
0.07913581
0.8865035
0.18334676
0.89191824
0.07809603
0.08505139
0.8857819
0.6873481
0.88637024
0.08308579
0.8863909
0.886155
0.8862551
0.11437909
0.09202065
0.8865205
0.1525636
0.09707166
0.09556828
0.08906379
0.886444
0.88687134
0.17255384
0.88678664
0.8865638
0.8709054
0.08084381
0.8880964
0.0926812
0.0925831
0.07854839
0.08023665
0.88623744
0.8570482
0.09305549
0.8654479
0.88653183
0.21077934
0.07735981
0.88407916
0.0890972
0.07917562
0.87212324
0.08084874
0.87867707
0.88533056
0.87772065
0.26642594
0.10906011
0.07943949
0.08562086
0.08005604
0.08297824
0.07834436
0.8867565
0.08390891
0.88595945
0.8865964
0.88619065
0.8861306
0.8865169
0.886335
0.89799404
0.07876006
0.88348985
0.0892698
0.8859046
0.48631883
0.08644055
0.88643616
0.09087447
0.11094718
0.08196972
0.87442917
0.8868169
0.08110848
0.08379252
0.8955313
0.2519118
0.08277397
0.09881037
0.07756338
0.09115676
0.08126701
0.07770959
0.8857677
0.88353175
0.886097
0.86267954
0.84775025
0.0828914
0.08729978
0.09963701
0.88433945
0.8747986
0.829491
0.8867169
0.88385737
0.8861382
0.8865446
0.8860205
0.89486104
0.8868223
0.07988259
0.8863802
0.09702556
0.07965375
0.88185483
0.08084957
0.8858501
0.8861426
0.88652515
0.07988228
0.58133113
0.08120073
0.8867709
0.08416764
0.88636386
0.08854223
0.07915049
0.88624656
0.09240014
0.09325874
0.08745462
0.88583314
0.88653743
0.88498217
0.07905165
0.84113574
0.8863649
0.2250812
0.88645476
0.88236725
0.08520961
0.8867545
0.08171511
0.88668305
0.07831996
0.08880056
0.0781394
0.08192393
0.09271723
0.08249275
0.11619631
0.08025601
0.08115841
0.8608166
0.88434666
0.8956921
0.26572216
0.101545
0.08369916
0.8868984
0.07784858
0.88600636
0.08261053
0.7646898
0.886665
0.885579
0.8869873
0.07937263
0.08142927
0.8633798
0.08666361
0.08863197
0.09313335
0.88631386
0.8868617
0.08760037
0.10474516
0.8958397
0.12518634
0.09096906
0.8864196
0.33091798
0.88663155
0.88622
0.09599323
0.8840799
0.08495878
0.8801544
0.08483362
0.07769657
0.08374595
0.18132189
0.08317814
0.8861245
0.08182853
0.08714842
0.8532388
0.8860228
0.08136959
0.09074092
0.08808108
0.88641185
0.8864774
0.08383005
0.88660014
0.08407684
0.8859006
0.07765751
0.08370926
0.0839868
0.08763265
0.08044822
0.8851265
0.12081824
0.07983488
0.08255645
0.8865322
0.88679314
0.08583605
0.8842039
0.8969639
0.2009589
0.08099224
0.8536464
0.8860898
0.08720088
0.8867064
0.88645697
0.8976449
0.8860377
0.88454247
0.08232725
0.8860111
0.08171096
0.08494122
0.84651446
0.09433113
0.8867199
0.08171365
0.08433443
0.88601524
0.88607204
0.8838107
0.07893461
0.88648885
0.8847227
0.08329701
0.10702957
0.8865234
0.88627774
0.8869811
0.0799385
0.8868817
0.51098347
0.08251269
0.88635707
0.8851955
0.08286598
0.88699424
0.08201701
0.7483821
0.88638186
0.8866994
0.76970464
0.88430953
0.88627666
0.86556244
0.08665163
0.874297
0.11165994
0.13113274
0.8858139
0.88410366
0.8855999
0.08327678
0.08028816
0.8866188
0.08203417
0.8860167
0.09059005
0.07993068
0.08919824
0.8866894
0.88654554
0.08734828
0.88564277
0.88458145
0.88673896
0.0993586
0.8867077
0.88612837
0.88636774
0.8864361
0.07978697
0.0969726
0.20311575
0.8810184
0.10796614
0.08214559
0.88608223
0.08484438
0.88579947
0.09746049
0.84969646
0.88461477
0.8856849
0.88639486
0.886191
0.08968447
0.88617116
0.88633215
0.08110126
0.09236915
0.85260737
0.08105645
0.86601424
0.80352545
0.08170358
0.8616794
0.8443342
0.88674664
0.16098343
0.8865615
0.0871155
0.1040357
0.08680815
0.828875
0.8866478
0.07908753
0.0807674
0.0923978
0.08265317
0.886244
0.08237056
0.09053079
0.0832321
0.08048754
0.8974216
0.07754327
0.07958753
0.11668365
0.08600897
0.07724931
0.53246665
0.07910641
0.08215406
0.14475954
0.8865534
0.88652146
0.17414354
0.88636893
0.87267333
0.08281072
0.08425509
0.07827476
0.87062883
0.88547534
0.88660896
0.08540726
0.08031635
0.88586247
0.08689877
0.07800732
0.07736158
0.08749348
0.27766833
0.08267501
0.08244811
0.07799989
0.82052565
0.08415357
0.8862209
0.07838318
0.08211861
0.08192814
0.10079295
0.886434
0.88638717
0.88678175
0.10525621
0.17968799
0.8823683
0.1162986
0.20546669
0.8850353
0.88590574
0.88627166
0.886702
0.08127962
0.8184051
0.07684677
0.7651281
0.08118653
0.88550925
0.8856783
0.08184465
0.8864248
0.88631153
0.08595532
0.88501227
0.8860406
0.8867043
0.10299674
0.89189446
0.37706256
0.08741855
0.09167807
0.88649803
0.886254
0.7565242
0.8830508
0.88588685
0.09458295
0.10443114
0.8864396
0.08307691
0.8865887
0.08286713
0.09023169
0.08517947
0.07750417
0.10299546
0.88668054
0.8864407
0.2465542
0.08156234
0.08298893
0.09024679
0.07892601
0.88527113
0.88654554
0.08749369
0.4336635
0.08913603
0.8861375
0.08491783
0.8862239
0.884642
0.88692194
0.8868642
0.08989202
0.08080018
0.07961942
0.09538878
0.09655984
0.08789966
0.08439825
0.88027704
0.886572
0.8866101
0.89748275
0.8867203
0.88625616
0.88616806
0.0883948
0.0952189
0.8940841
0.08440221
0.88532656
0.08450596
0.88611484
0.8860581
0.88674736
0.08519553
0.8863532
0.08702968
0.88676244
0.8839898
0.08245514
0.07754205
0.08020795
0.0793503
0.08027623
0.87432396
0.81027126
0.8973327
0.07750154
0.08926269
0.8853778
0.09568626
0.7291281
0.07929072
0.07841572
0.08648935
0.88641053
0.8862485
0.17103368
0.0900895
0.08585918
0.88605547
0.78511083
0.10341634
0.820136
0.88686633
0.8855856
0.8438864
0.07915345
0.08406379
0.89220464
0.8868157
0.08142421
0.8862091
0.08355314
0.07878829
0.8864179
0.0783169
0.88508713
0.08226552
0.08304248
0.09543825
0.88595235
0.8863248
0.0897437
0.8865094
0.08020813
0.88672787
0.88656014
0.8864645
0.11757238
0.07810374
0.07761583
0.08474463
0.8773887
0.8842943
0.10059369
0.8857733
0.8860144
0.86049795
0.08240491
0.07986119
0.08222607
0.88667476
0.88667625
0.5070671
0.88305944
0.8866633
0.08248961
0.8869399
0.8868536
0.8864047
0.885664
0.08633535
0.07770777
0.8825824
0.084116
0.07786661
0.07834131
0.08109691
0.08784982
0.08954724
0.07830492
0.8848812
0.0840487
0.08667411
0.8866915
0.08549051
0.0865365
0.086294
0.09379148
0.08102019
0.8973978
0.88641125
0.07861297
0.07743084
0.8842059
0.08349065
0.88522154
0.8854803
0.08242913
0.82590574
0.107577
0.07777287
0.08008742
0.8866601
0.8867427
0.31602743
0.10300136
0.8863245
0.07949401
0.8861088
0.88682437
0.5966236
0.8864309
0.21105818
0.07863369
0.8258678
0.08506326
0.8867381
0.881414
0.08721168
0.88583326
0.08777015
0.70587075
0.49663383
0.88680613
0.8864132
0.8866931
0.08323483
0.08164471
0.8793867
0.8770021
0.07390275
0.8793031
0.8769467
0.8794365
0.07992151
0.07318883
0.85380703
0.8788987
0.07296748
0.07267407
0.07685023
0.54482275
0.07878781
0.8791975
0.075023
0.07309633
0.87636536
0.87429476
0.08695269
0.858417
0.12016042
0.28498092
0.8779833
0.8787073
0.87780607
0.11910594
0.08294015
0.8759766
0.8783389
0.8780699
0.87903726
0.87943023
0.07360202
0.0842214
0.08241194
0.07419977
0.12911218
0.08743285
0.85990083
0.8795272
0.8765771
0.8785193
0.07225788
0.86904
0.8793356
0.85432595
0.11305275
0.87916684
0.08020075
0.25007695
0.8788402
0.07222846
0.85490704
0.0912678
0.87831855
0.87592906
0.0872674
0.8780451
0.87932503
0.07636461
0.83824056
0.879111
0.87471265
0.879307
0.6671317
0.32697663
0.87763965
0.8789813
0.07262201
0.11710309
0.08086493
0.12392087
0.87862223
0.8772678
0.8766013
0.8784262
0.8774234
0.07226267
0.87655693
0.08948628
0.87754685
0.8625485
0.8792042
0.12249748
0.0753978
0.07516835
0.07264427
0.83048904
0.8791564
0.12861218
0.8643984
0.87707067
0.87795776
0.07282614
0.10611641
0.87591445
0.08375509
0.08230802
0.11441381
0.7463876
0.07251324
0.07341022
0.11872515
0.07636065
0.8747763
0.877059
0.87751967
0.8790675
0.0733306
0.07266776
0.8790488
0.08209292
0.0801357
0.07747974
0.07459995
0.8716299
0.09205097
0.87898993
0.8790367
0.07536178
0.07350118
0.8789474
0.08093951
0.87404096
0.8717039
0.07238372
0.08263495
0.87666494
0.87954736
0.08378646
0.87445897
0.19361594
0.8773852
0.87821126
0.87961686
0.8789137
0.87933123
0.8782769
0.07538299
0.07229291
0.87520695
0.8766898
0.10043008
0.07374939
0.08374942
0.87793016
0.87885994
0.87894875
0.07413889
0.8763556
0.87129694
0.07343039
0.07903841
0.8786694
0.87933713
0.09733889
0.07439057
0.8791654
0.07447989
0.87912583
0.0726559
0.0728255
0.09081256
0.85556936
0.09092105
0.1418497
0.07861558
0.879287
0.8747159
0.07353558
0.10831147
0.8791414
0.8785088
0.8789719
0.8789602
0.8759243
0.8784151
0.8763568
0.20804395
0.07553824
0.8794569
0.07445552
0.07721189
0.07533026
0.08269528
0.8787892
0.8646985
0.878683
0.8786762
0.87821716
0.7160344
0.07282395
0.87808657
0.87925214
0.8783815
0.08207227
0.87698895
0.8786809
0.84608436
0.318284
0.8795777
0.07317246
0.09965257
0.87863284
0.18467711
0.87943685
0.07498517
0.08106732
0.84507924
0.0757646
0.07594706
0.07560773
0.07218836
0.8789404
0.87670755
0.8780238
0.5299612
0.87784564
0.8794773
0.07819297
0.0747429
0.87860036
0.07305481
0.07961775
0.8792611
0.87980324
0.07720047
0.7232975
0.8796886
0.07292894
0.8790436
0.07453407
0.0977142
0.87954336
0.07565358
0.8792665
0.87552196
0.87727785
0.8794105
0.87811327
0.26300544
0.8708235
0.87656885
0.8794611
0.07641385
0.8785061
0.08654926
0.8778811
0.07379035
0.87704724
0.85377574
0.07390326
0.09226117
0.879207
0.08239099
0.07402642
0.10348057
0.8780687
0.8499653
0.1077074
0.8764381
0.0766795
0.07222877
0.2285936
0.87939936
0.09666098
0.07432082
0.8573487
0.07269629
0.87917113
0.07291244
0.8785843
0.87967074
0.8762835
0.87957364
0.07673995
0.87860006
0.14224444
0.07798383
0.87765664
0.87957144
0.848141
0.07295214
0.81084657
0.07429548
0.8651644
0.080315
0.10044065
0.8791885
0.07480599
0.10341221
0.87848157
0.08102705
0.87946224
0.8793311
0.07201315
0.81969726
0.07753561
0.87863594
0.87903064
0.87934995
0.08464701
0.87899077
0.07973059
0.09036189
0.07408968
0.07333053
0.87895244
0.07452967
0.24474767
0.48150882
0.0832632
0.07356105
0.87385327
0.13107698
0.87439835
0.08476932
0.87921464
0.08276139
0.8402628
0.8783316
0.09037724
0.8796289
0.87921613
0.07965603
0.07538496
0.8775909
0.87880695
0.07357997
0.87814975
0.878924
0.07416674
0.07663744
0.08618771
0.0723514
0.1450077
0.07305113
0.07559757
0.07786912
0.87922746
0.87527925
0.8798
0.08061047
0.07493106
0.8560213
0.07355393
0.7995123
0.8791904
0.87869596
0.87906486
0.07772555
0.07227169
0.09451959
0.17469643
0.84520143
0.1187808
0.8795526
0.8788708
0.8783451
0.8769424
0.08389035
0.08519077
0.8795159
0.07520712
0.07222022
0.07498224
0.8780153
0.26272148
0.8668164
0.8788994
0.87885344
0.63606495
0.12744902
0.877461
0.8787674
0.14910708
0.07338576
0.879428
0.07270388
0.08387258
0.7269588
0.8679606
0.07519585
0.07321785
0.16665411
0.8739466
0.08551376
0.0756434
0.87814486
0.07306101
0.87898195
0.18231805
0.08108258
0.07613306
0.8793421
0.08751888
0.8795863
0.07256384
0.08227164
0.8793364
0.07513177
0.8493627
0.879515
0.8767808
0.87893844
0.8773413
0.879664
0.07285882
0.878454
0.07982264
0.879298
0.0873673
0.8788701
0.8788373
0.07269678
0.07281535
0.08212012
0.8771104
0.8781106
0.87749463
0.8791072
0.61871266
0.8791447
0.07334162
0.07484415
0.07792404
0.07664964
0.09866542
0.8701641
0.07925129
0.08168432
0.0862812
0.07317292
0.8773786
0.87933356
0.86711305
0.87854135
0.8796654
0.8793685
0.86365557
0.8779546
0.07297847
0.0883705
0.8756871
0.07495096
0.8792231
0.6851601
0.87955123
0.8775652
0.80968785
0.11837704
0.07284615
0.87924874
0.07431503
0.8792185
0.08374646
0.87967
0.8732179
0.16887763
0.07394344
0.08903585
0.09234631
0.07261796
0.875872
0.8791987
0.09692242
0.8791564
0.8751258
0.87894225
0.10124578
0.87454593
0.08989819
0.8764694
0.09899291
0.07608012
0.87819606
0.8786158
0.8762876
0.87893236
0.07243145
0.14581907
0.19400305
0.8795218
0.08154553
0.87842846
0.8792752
0.8697037
0.87603253
0.86759645
0.08647648
0.07696801
0.8770688
0.07770225
0.87937963
0.8794314
0.07394791
0.07789889
0.8792541
0.07371081
0.87823224
0.8792469
0.8692559
0.13967781
0.07317412
0.8779334
0.0808109
0.8778904
0.07377546
0.0738702
0.87424123
0.16033553
0.87901545
0.8787716
0.07441743
0.8537805
0.0728322
0.85393035
0.07300842
0.07895476
0.0771606
0.8784367
0.08053516
0.08228521
0.8783969
0.87370193
0.09498499
0.87950605
0.07848889
0.14076081
0.8785168
0.08444629
0.07571558
0.87877816
0.8768248
0.8781141
0.08112741
0.85107166
0.87906927
0.8594814
0.08751785
0.8742269
0.07680832
0.7458296
0.878758
0.87692016
0.13792606
0.12177371
0.8610884
0.8771533
0.87346125
0.09750689
0.8784293
0.879075
0.8784096
0.87891746
0.87941325
0.8606598
0.07323367
0.87828195
0.878193
0.87829244
0.87942606
0.8776836
0.07776489
0.10086876
0.8798431
0.0729268
0.8526394
0.87475425
0.84271455
0.07270575
0.87855965
0.0717778
0.08773996
0.12446817
0.07924116
0.8789342
0.87943786
0.8620201
0.08422151
0.07446111
0.8792071
0.07556429
0.41130716
0.08841228
0.8793623
0.8778981
0.07226758
0.87912315
0.879037
0.07316732
0.8783822
0.07889251
0.12916805
0.8792258
0.07248497
0.07500415
0.07201441
0.8772984
0.8779931
0.8711533
0.8789617
0.87882394
0.10234459
0.87103856
0.87900865
0.07986749
0.0956345
0.8785203
0.08377356
0.8780366
0.87903994
0.09546793
0.07553983
0.8663878
0.07456148
0.8681898
0.87963367
0.07781856
0.87923104
0.83798915
0.86737436
0.07962085
0.87744385
0.07565032
0.074572
0.87852
0.8616745
0.07412774
0.87691635
0.87996536
0.8756678
0.24778756
0.07383977
0.11331537
0.8692869
0.8794213
0.12652653
0.87810725
0.07330727
0.07196126
0.86660457
0.8793027
0.08227261
0.8778926
0.07785445
0.07298474
0.87814295
0.07278001
0.87869465
0.0762089
0.09591273
0.78857416
0.8785266
0.0737881
0.7664364
0.8561272
0.14663455
0.8769571
0.87895566
0.07470249
0.07378533
0.07451425
0.8776392
0.0868282
0.12236534
0.87536955
0.07269768
0.8787846
0.0755861
0.0912648
0.87749314
0.07414919
0.8788543
0.074444
0.87911165
0.8779492
0.8734058
0.07674366
0.16740134
0.10133181
0.08998571
0.87845516
0.8611634
0.08009487
0.8795796
0.8793281
0.879816
0.07514165
0.24981324
0.87875706
0.07427786
0.87948835
0.87947166
0.08032499
0.2665123
0.8791131
0.87950426
0.8785749
0.07255033
0.10115706
0.86875474
0.4393813
0.07253535
0.08689982
0.8774027
0.07198381
0.8335295
0.07283126
0.07246176
0.86575603
0.8546252
0.87830126
0.07462842
0.07242092
0.8790641
0.10127155
0.878286
0.07585134
0.10779097
0.07516953
0.07268286
0.86716706
0.07713842
0.07258509
0.09247232
0.8795362
0.07412954
0.10573865
0.20359308
0.87765676
0.8789426
0.8787964
0.08098349
0.1494171
0.87905246
0.07394705
0.07596929
0.10554329
0.8783809
0.8683899
0.8794259
0.08100755
0.8761009
0.08009302
0.07361191
0.8723771
0.641593
0.7744129
0.0774111
0.85922545
0.8054742
0.8789075
0.86611736
0.87891215
0.8787683
0.87929916
0.8788488
0.07530611
0.07319456
0.8785024
0.07589006
0.07353327
0.09841587
0.07365559
0.10169362
0.8592105
0.0749912
0.71501476
0.15453275
0.07181671
0.8705147
0.08127508
0.8545891
0.86139053
0.0705707
0.1317417
0.08364239
0.87395865
0.07272682
0.0727855
0.8713133
0.07051867
0.86248416
0.07160939
0.08452253
0.5436651
0.8731402
0.8525612
0.07590768
0.86223334
0.07060503
0.86228204
0.08952127
0.87029284
0.07428516
0.87320274
0.87363416
0.07167777
0.34795892
0.8646161
0.8743828
0.8685045
0.07068727
0.8619411
0.07099293
0.8743352
0.7145617
0.2775142
0.0715808
0.87244916
0.0850006
0.11986164
0.87435424
0.073271
0.08172834
0.07281152
0.8629405
0.07655498
0.07749783
0.86884975
0.07257432
0.8632264
0.87263435
0.86370957
0.11418112
0.07026054
0.07388418
0.87391275
0.070676
0.07088181
0.0769356
0.07430887
0.8738017
0.8737125
0.15706307
0.08239366
0.87417495
0.8547879
0.13935843
0.07223027
0.07011852
0.07057672
0.0719438
0.07121548
0.0956815
0.7887281
0.8735844
0.8735963
0.07234167
0.87414235
0.87154377
0.8741619
0.8739396
0.12932779
0.87415636
0.07503073
0.07006291
0.8648143
0.07259154
0.8604717
0.8683572
0.8689404
0.07471585
0.07043848
0.8744612
0.85781133
0.8743548
0.07276315
0.87419254
0.07101026
0.07201879
0.07071996
0.788355
0.87215805
0.87295014
0.07381999
0.08997404
0.8080626
0.8015009
0.08387294
0.87446153
0.10749459
0.0972719
0.07211884
0.07068083
0.4500107
0.87376875
0.23084027
0.87390155
0.07216857
0.87166494
0.8736281
0.0774775
0.8743679
0.08101517
0.6795472
0.82553786
0.8743365
0.07428477
0.8506573
0.87432903
0.155937
0.0724744
0.872222
0.87430084
0.0712357
0.8734054
0.87420243
0.0947439
0.8721761
0.07101847
0.8642359
0.07595861
0.8720751
0.8712748
0.8743735
0.08016317
0.09582911
0.14498423
0.8743068
0.87030923
0.87426275
0.07092484
0.8742289
0.869773
0.87362844
0.07064214
0.8743946
0.07089362
0.33267054
0.8742655
0.85544246
0.07447585
0.07277867
0.8655273
0.8695718
0.07497191
0.8727688
0.87385446
0.8722042
0.87451386
0.85467136
0.8664357
0.07231931
0.87344414
0.8496483
0.07034717
0.8743946
0.87448585
0.87345815
0.8602817
0.85674465
0.86211216
0.8597424
0.8649273
0.7974151
0.87424934
0.07035754
0.07345749
0.08181124
0.8734336
0.86756265
0.8625649
0.07247166
0.8742474
0.8709526
0.07065707
0.85366046
0.07097504
0.87368345
0.07255154
0.8616889
0.85619926
0.07749004
0.8732315
0.8682937
0.09762402
0.8724119
0.8545716
0.08877262
0.8741679
0.0795638
0.8587017
0.8734791
0.0717287
0.56917685
0.85580856
0.86426276
0.10041136
0.07972267
0.08841558
0.869894
0.87444365
0.8706704
0.8572078
0.08244954
0.87291026
0.08713236
0.0847431
0.8563719
0.8737536
0.07858305
0.07228341
0.07684693
0.34746307
0.8741945
0.8646577
0.87047106
0.86909705
0.07597874
0.85794526
0.10935129
0.08550255
0.07205491
0.0724399
0.0706798
0.8732715
0.07256033
0.86137074
0.825523
0.1165618
0.86706
0.87322783
0.0712514
0.86966974
0.87405115
0.8697728
0.07373101
0.8541734
0.07220782
0.07530601
0.8595519
0.07167017
0.83261967
0.8558048
0.8739236
0.87426686
0.07036108
0.8738627
0.07146987
0.0746615
0.07021306
0.8727145
0.14457218
0.08698917
0.87442774
0.8701611
0.07076824
0.07033207
0.07312987
0.07166559
0.8223327
0.87432855
0.0701302
0.07134492
0.07661492
0.8641096
0.8734727
0.8742227
0.07422777
0.86668897
0.07336845
0.8708751
0.07096306
0.07148916
0.8742953
0.0717329
0.08548872
0.07122411
0.07088548
0.64633155
0.78873694
0.07959709
0.7969827
0.07240582
0.07861368
0.09059315
0.8743062
0.8542616
0.87426656
0.07159272
0.8732001
0.86195445
0.8681703
0.07101119
0.8598406
0.07286918
0.864262
0.07737259
0.57345116
0.07302446
0.8514334
0.8624329
0.07269029
0.12515084
0.07143638
0.8667791
0.07346608
0.1003881
0.87416625
0.07803383
0.8742288
0.07761466
0.87057686
0.86234283
0.7860499
0.87366337
0.8647901
0.13489161
0.08264165
0.07136641
0.07856475
0.7903032
0.07079203
0.07453331
0.07091121
0.8741824
0.854057
0.87379986
0.07068253
0.07161421
0.07107131
0.0718128
0.86989087
0.07352419
0.14125907
0.87149036
0.08051114
0.87355834
0.07192902
0.08073635
0.8533049
0.8736862
0.6736811
0.0759647
0.5866547
0.8655434
0.07061671
0.8718125
0.873565
0.07112811
0.09642649
0.724423
0.08285354
0.8745025
0.07345035
0.87425447
0.07516272
0.86464137
0.87367773
0.8477897
0.07429684
0.06996399
0.07098214
0.07047459
0.87299806
0.809619
0.07491418
0.07192206
0.8722034
0.08708794
0.0727448
0.31870675
0.866528
0.8471348
0.8741319
0.8744481
0.07580812
0.07138714
0.08632912
0.8742836
0.07326995
0.87434596
0.07407139
0.07285145
0.07091956
0.07814342
0.17614722
0.07774854
0.40879363
0.07220052
0.8567864
0.08098792
0.87169755
0.07202785
0.2621966
0.8716316
0.0720303
0.07750722
0.8654495
0.1052288
0.29688102
0.87412465
0.8196436
0.87416494
0.07025608
0.87427706
0.07226858
0.8731683
0.86247414
0.8741891
0.2532039
0.07196759
0.8618751
0.07310145
0.86041665
0.08136377
0.22007538
0.07377163
0.87377083
0.8683148
0.07216483
0.0768922
0.07827612
0.07152779
0.07489985
0.0793459
0.08865938
0.07360663
0.07779945
0.07089999
0.07249105
0.85398006
0.8609864
0.07452945
0.08018357
0.87428844
0.8729524
0.07067442
0.87293166
0.8742076
0.87214756
0.86229646
0.07412774
0.86042583
0.07057037
0.862365
0.87426037
0.825342
0.84022796
0.07304608
0.8601411
0.67426354
0.8689382
0.87419945
0.08007222
0.87438244
0.46935478
0.07387033
0.08284511
0.11954723
0.07258171
0.85790217
0.85539246
0.8697899
0.07550491
0.87438476
0.86976504
0.8741222
0.07509916
0.8559673
0.08139881
0.07139786
0.49824682
0.07361246
0.0734368
0.8738713
0.07456639
0.13981232
0.07039912
0.18690753
0.8742762
0.26424494
0.8739178
0.07115053
0.08179098
0.87397075
0.08524919
0.87274814
0.86591154
0.10152587
0.8684091
0.08740628
0.07257982
0.09135584
0.07452742
0.85653263
0.87064356
0.86749077
0.75030565
0.87402326
0.87359095
0.07122941
0.1822705
0.8735913
0.8588721
0.07523328
0.07274104
0.8623043
0.874363
0.81929415
0.07190079
0.8638478
0.87305075
0.07080659
0.8742694
0.07084857
0.8604591
0.85445696
0.0713182
0.87402254
0.44597638
0.87420964
0.0704983
0.874388
0.8723582
0.09120573
0.8348332
0.07165194
0.07571501
0.8744767
0.8707201
0.73995066
0.87396795
0.8743957
0.8689025
0.0704264
0.07332905
0.8742973
0.14132142
0.07496146
0.87440336
0.07191215
0.8740746
0.7516117
0.10778531
0.86996627
0.07122507
0.07083864
0.07573438
0.07085188
0.8568957
0.8740241
0.85835475
0.8580578
0.87390536
0.8715652
0.07501948
0.08220109
0.87372285
0.07694649
0.864391
0.8735993
0.8604433
0.07169405
0.07142037
0.86646616
0.07896571
0.8648117
0.8529145
0.0748722
0.07207318
0.8743501
0.87422824
0.86481905
0.07921116
0.14745401
0.87215304
0.8742048
0.07236656
0.85420203
0.07320835
0.8741742
0.8524029
0.780189
0.13174617
0.8736354
0.10452431
0.07395633
0.8743484
0.8742448
0.07024198
0.87427723
0.07735367
0.87433887
0.8704616
0.07459579
0.07581965
0.07180505
0.07148235
0.08018211
0.8682228
0.07632985
0.8742244
0.87426347
0.07191168
0.87370956
0.8742327
0.8738816
0.07881749
0.07204335
0.8628369
0.8583162
0.83967376
0.07216966
0.5048822
0.85362345
0.07461865
0.87408906
0.08394887
0.07621234
0.10749461
0.07221603
0.54011905
0.8455098
0.09168973
0.07402553
0.07135691
0.07489199
0.5869526
0.07279625
0.8735547
0.08389477
0.87391645
0.8744052
0.8717406
0.8637277
0.08164681
0.07542273
0.8742621
0.07382544
0.07025646
0.07256986
0.07304165
0.07051795
0.07207587
0.87424296
0.87429875
0.8741738
0.8715343
0.87417793
0.8741433
0.16858321
0.8735917
0.8544277
0.46812034
0.8624913
0.07139498
0.33961412
0.8742159
0.07025418
0.8742165
0.07286204
0.07057402
0.07167008
0.14633179
0.07272441
0.8742052
0.08965487
0.07246345
0.8543072
0.8606826
0.86932325
0.08316436
0.860264
0.07342876
0.8600645
0.87441283
0.07299408
0.07258793
0.8349951
0.13149787
0.85347766
0.8571214
0.8738196
0.871909
0.61615944
0.8744686
0.8645267
0.6826171
0.07536864
0.87295365
0.8732769
0.86281437
0.07081256
0.85227007
0.8744157
0.8743101
0.07440264
0.07837912
0.07504348
0.21415874
0.07195169
0.07156691
0.8733418
0.87366325
0.87398374
0.07835506
0.07057048
0.87112874
0.07151312
0.07163991
0.07089316
0.10106921
0.87419754
0.8734452
0.8523322
0.87422997
0.85432386
0.8742849
0.8741091
0.8650588
0.8739191
0.07356968
0.07349209
0.85520756
0.15880577
0.8742822
0.07183394
0.07081184
0.8538783
0.8691932
0.07113823
0.10510837
0.23419866
0.07271694
0.07371523
0.8227205