0.5926754474639893
0.11472301185131073
0.9747334718704224
0.9787625670433044
0.9874066710472107
0.03629503399133682
0.40853023529052734
0.9757170081138611
0.9875775575637817
0.0491376668214798
0.1098526269197464
0.1704494059085846
0.548616349697113
0.0180278979241848
0.07843879610300064
0.9852425456047058
0.08851922303438187
0.8198949694633484
0.021146433427929878
0.03194550797343254
0.18884634971618652
0.989586591720581
0.049843914806842804
0.5894545316696167
0.02883160673081875
0.47018566727638245
0.9638847708702087
0.08343160152435303
0.21268948912620544
0.9245696067810059
0.016540048643946648
0.021575987339019775
0.9892281293869019
0.017236361280083656
0.9901589751243591
0.9888486862182617
0.02379622869193554
0.6997669339179993
0.982109546661377
0.42665961384773254
0.8418666124343872
0.9160559177398682
0.09196063131093979
0.2968408167362213
0.4119040071964264
0.10017361491918564
0.017839012667536736
0.19968421757221222
0.021304508671164513
0.020286114886403084
0.027076514437794685
0.9893686175346375
0.021392328664660454
0.3193342983722687
0.8479701280593872
0.9845554232597351
0.9808608293533325
0.9739733934402466
0.9821146726608276
0.019858473911881447
0.029280278831720352
0.8309676051139832
0.024588491767644882
0.9859189987182617
0.9876418113708496
0.9821332097053528
0.018911488354206085
0.025062117725610733
0.05134408175945282
0.9704340696334839
0.988524854183197
0.23129704594612122
0.9863308668136597
0.039489466696977615
0.03832284361124039
0.9871957302093506
0.11880845576524734
0.03937269747257233
0.47044995427131653
0.7031719088554382
0.017790118232369423
0.14854936301708221
0.2910730540752411
0.9850777387619019
0.9859945774078369
0.9879608750343323
0.9862077236175537
0.14692530035972595
0.03861118108034134
0.8964540958404541
0.3741147816181183
0.013867756351828575
0.5197317004203796
0.5158445239067078
0.26252615451812744
0.21096749603748322
0.9873324036598206
0.01481671817600727
0.954595148563385
0.24249112606048584
0.9849180579185486
0.039468687027692795
0.25201883912086487
0.2731841504573822
0.7041590809822083
0.23720459640026093
0.15348860621452332
0.4844909608364105
0.9604260325431824
0.9870848059654236
0.9470195174217224
0.021911995485424995
0.47755905985832214
0.8419011831283569
0.07065553218126297
0.9007360339164734
0.20439006388187408
0.02162543311715126
0.22525431215763092
0.10518539696931839
0.03433970734477043
0.47863632440567017
0.029172850772738457
0.882103443145752
0.4882039427757263
0.95020592212677
0.22537235915660858
0.3177350163459778
0.9745469689369202
0.014672509394586086
0.12750355899333954
0.7529523968696594
0.9722138047218323
0.9867777824401855
0.487964391708374
0.22390131652355194
0.2628801763057709
0.02261503040790558
0.030002597719430923
0.9866951704025269
0.45399239659309387
0.9904235005378723
0.7423078417778015
0.020796816796064377
0.28475847840309143
0.18425187468528748
0.04014534875750542
0.05761373043060303
0.028053313493728638
0.9849456548690796
0.018600858747959137
0.08191094547510147
0.7434036135673523
0.03487739711999893
0.49495914578437805
0.027003275230526924
0.9846956133842468
0.6284658908843994
0.9868156313896179
0.9833436608314514
0.9332276582717896
0.9859210848808289
0.02811005897819996
0.3665541112422943
0.9582955837249756
0.9879128336906433
0.984177827835083
0.7779072523117065
0.04098570719361305
0.05102599784731865
0.521216869354248
0.5887372493743896
0.0255078487098217
0.9602605700492859
0.9882331490516663
0.9883006811141968
0.980664849281311
0.44405749440193176
0.015554194338619709
0.9892042279243469
0.10043979436159134
0.08897143602371216
0.9869304895401001
0.020391099154949188
0.028076713904738426
0.9586181044578552
0.03654743731021881
0.6199787855148315
0.8852704763412476
0.10394775867462158
0.02412521094083786
0.7267372012138367
0.3994162380695343
0.13727857172489166
0.4608632028102875
0.9282909631729126
0.21692265570163727
0.8549115657806396
0.03239231929183006
0.9897724986076355
0.9828345775604248
0.9769446849822998
0.017611591145396233
0.9173323512077332
0.06516029685735703
0.6066591143608093
0.06140511482954025
0.025110049173235893
0.943674623966217
0.08992718160152435
0.021237967535853386
0.02247435413300991
0.7014951109886169
0.39419126510620117
0.9821001887321472
0.031795334070920944
0.9743661880493164
0.2877766191959381
0.04125504568219185
0.9878172278404236
0.5323964357376099
0.9839207530021667
0.98909991979599
0.6473971009254456
0.9820988178253174
0.982714831829071
0.9870434403419495
0.022287564352154732
0.03177589923143387
0.9893325567245483
0.9876214861869812
0.4989006519317627
0.021334100514650345
0.8562032580375671
0.8086639642715454
0.05062144622206688
0.7952133417129517
0.1926373839378357
0.8690657019615173
0.9894092082977295
0.8047370314598083
0.3869993984699249
0.03786005452275276
0.19041042029857635
0.01680459827184677
0.44313934445381165
0.024648351594805717
0.02973107248544693
0.6997761726379395
0.9717308282852173
0.2669751048088074
0.9372260570526123
0.0862114205956459
0.020286329090595245
0.8315403461456299
0.09772612154483795
0.033613093197345734
0.9819217920303345
0.05143377557396889
0.9906072616577148
0.6019715666770935
0.015504048205912113
0.020704757422208786
0.35251039266586304
0.01884426176548004
0.45518895983695984
0.6139994859695435
0.9442107081413269
0.3987962007522583
0.7339206337928772
0.023771723732352257
0.8328438997268677
0.969119668006897
0.9881916642189026
0.027923958376049995
0.10194206237792969
0.24463555216789246
0.2869660258293152
0.7423001527786255
0.026889067143201828
0.9802603125572205
0.36120063066482544
0.425164133310318
0.987927258014679
0.6324988603591919
0.01680663228034973
0.02643950656056404
0.10816024988889694
0.9882630705833435
0.09577956795692444
0.9863433837890625
0.39365196228027344
0.2182919830083847
0.9887498617172241
0.04921504855155945
0.31306523084640503
0.3055318295955658
0.9894819259643555
0.9833311438560486
0.9786967039108276
0.9871701598167419
0.014712775126099586
0.9323437213897705
0.49805209040641785
0.021984493359923363
0.40579473972320557
0.03474023565649986
0.9812445640563965
0.01947123557329178
0.9443402886390686
0.03882784768939018
0.018587011843919754
0.020842749625444412
0.08132926374673843
0.01955736055970192
0.26059797406196594
0.5487404465675354
0.12791527807712555
0.11976775527000427
0.02492845058441162
0.9861441850662231
0.06109962239861488
0.9000188708305359
0.9889265298843384
0.014931760728359222
0.04461061954498291
0.9877303242683411
0.031214820221066475
0.13414068520069122
0.22936682403087616
0.9769876003265381
0.9586246609687805
0.20537978410720825
0.05594639107584953
0.016687864437699318
0.0909971073269844
0.014283666387200356
0.024101385846734047
0.19624002277851105
0.9872944951057434
0.04968472197651863
0.030499007552862167
0.9798049330711365
0.879528820514679
0.9863733053207397
0.9343063831329346
0.015834195539355278
0.3007309138774872
0.048221562057733536
0.03085925057530403
0.44606173038482666
0.8810349106788635
0.9913591146469116
0.023871079087257385
0.8283787369728088
0.023365508764982224
0.020350126549601555
0.09496501088142395
0.9840427041053772
0.9876620769500732
0.16898636519908905
0.9888127446174622
0.015315412543714046
0.7750357985496521
0.16733713448047638
0.02296929992735386
0.034214217215776443
0.3505887985229492
0.04245563596487045
0.9846753478050232
0.0383761003613472
0.6057872176170349
0.02072160504758358
0.020511941984295845
0.2740213871002197
0.04579983651638031
0.9803409576416016
0.9807567000389099
0.9785779714584351
0.04661453142762184
0.9542378783226013
0.3475312888622284
0.9897370934486389
0.9596145749092102
0.9887158274650574
0.9904852509498596
0.9389657378196716
0.9903068542480469
0.022883791476488113
0.024239320307970047
0.9897564053535461
0.04189658910036087
0.06054148077964783
0.4030212163925171
0.9895073771476746
0.2843632400035858
0.9561649560928345
0.1922103613615036
0.9873316884040833
0.6827904582023621
0.16760200262069702
0.9880229234695435
0.9878616333007812
0.053361281752586365
0.13524329662322998
0.9883334636688232
0.03228672966361046
0.9518536329269409
0.8591079711914062
0.9874336123466492
0.04993453994393349
0.9893202781677246
0.9584885239601135
0.738540768623352
0.9862602353096008
0.9901838898658752
0.18130731582641602
0.01722525991499424
0.9845868349075317
0.8914623260498047
0.9787718057632446
0.5919852256774902
0.2427748441696167
0.9028779864311218
0.10817430168390274
0.05440545082092285
0.19183595478534698
0.018237607553601265
0.02171069197356701
0.27520665526390076
0.5167518258094788
0.1111360415816307
0.9892417788505554
0.3820769190788269
0.046848345547914505
0.34709852933883667
0.6353476047515869
0.9833435416221619
0.017625009641051292
0.016929524019360542
0.026242490857839584
0.990730345249176
0.9878329038619995
0.9799709320068359
0.03673354536294937
0.025390177965164185
0.018463345244526863
0.9835597276687622
0.08122821897268295
0.19564342498779297
0.988793671131134
0.2456752210855484
0.026701757684350014
0.032075121998786926
0.020485196262598038
0.017239559441804886
0.9537237882614136
0.15356624126434326
0.944175124168396
0.12329081445932388
0.4489513635635376
0.9273400902748108
0.9846773147583008
0.03706911951303482
0.9871304631233215
0.34870609641075134
0.0455918051302433
0.9365102648735046
0.029456987977027893
0.09276788681745529
0.03125710412859917
0.07843738794326782
0.9909975528717041
0.13658002018928528
0.10909313708543777
0.2080286145210266
0.9035248160362244
0.5261691212654114
0.9289810657501221
0.19799287617206573
0.9879799485206604
0.18667317926883698
0.984398603439331
0.9629908204078674
0.023758769035339355
0.2386372983455658
0.027752302587032318
0.4033273160457611
0.1165432333946228
0.12731626629829407
0.9653177261352539
0.4268591105937958
0.118388831615448
0.698582112789154
0.03164925426244736
0.3476390242576599
0.25182121992111206
0.18887509405612946
0.9808076024055481
0.014372557401657104
0.2843567728996277
0.12961192429065704
0.02843155339360237
0.05788962543010712
0.028925657272338867
0.9824605584144592
0.34732192754745483
0.08500245958566666
0.9759345054626465
0.036014799028635025
0.034890733659267426
0.16008786857128143
0.8978603482246399
0.20668169856071472
0.9858101010322571
0.31535303592681885
0.2658827602863312
0.7697962522506714
0.6145526766777039
0.014094172045588493
0.017173247411847115
0.19504506886005402
0.7256588339805603
0.7387533783912659
0.059555698186159134
0.06540564447641373
0.9853699207305908
0.024093754589557648
0.06828353554010391
0.23671852052211761
0.045030273497104645
0.9860742688179016
0.03614512458443642
0.9804695248603821
0.9831951260566711
0.599172830581665
0.9897876977920532
0.047089267522096634
0.40298545360565186
0.017381340265274048
0.9898840188980103
0.11066026985645294
0.960748016834259
0.07406893372535706
0.025743847712874413
0.024130526930093765
0.28362396359443665
0.06863971799612045
0.9884159564971924
0.5194337368011475
0.03531104698777199
0.045248325914144516
0.04373876005411148
0.021141372621059418
0.9633439183235168
0.32559001445770264
0.02019093744456768
0.5357573628425598
0.7666035890579224
0.3000839352607727
0.15576210618019104
0.7503054141998291
0.2786421477794647
0.9647853374481201
0.9627814888954163
0.6013962626457214
0.026011349633336067
0.9858680367469788
0.6165860295295715
0.9884794354438782
0.015475193038582802
0.3204452395439148
0.4755918085575104
0.2942994236946106
0.9878734946250916
0.6027575135231018
0.016863014549016953
0.048230718821287155
0.9828621745109558
0.9813657999038696
0.9877573251724243
0.2380811721086502
0.8032070994377136
0.14680764079093933
0.028213154524564743
0.9712373614311218
0.7733222842216492
0.017110778018832207
0.0765916034579277
0.0696147158741951
0.4250059723854065
0.6816678643226624
0.9719051718711853
0.046405624598264694
0.24235740303993225
0.167973130941391
0.024786898866295815
0.9537581205368042
0.03347993269562721
0.983380913734436
0.38031601905822754
0.22426404058933258
0.4749235510826111
0.25381502509117126
0.8758888244628906
0.40315505862236023
0.3048824369907379
0.9869688153266907
0.2841855585575104
0.9797376990318298
0.9749762415885925
0.03769988566637039
0.09553726762533188
0.5590518116950989
0.92340487241745
0.020266767591238022
0.9751361608505249
0.020583484321832657
0.09091700613498688
0.9014785885810852
0.9905917048454285
0.10758029669523239
0.9794650673866272
0.976058304309845
0.021419914439320564
0.018260031938552856
0.016751786693930626
0.9704080820083618
0.01388742309063673
0.022904060781002045
0.1486680805683136
0.19677133858203888
0.08027034252882004
0.02149306982755661
0.9269989132881165
0.9888501763343811
0.9857515692710876
0.9762767553329468
0.932986855506897
0.9849684834480286
0.01998121663928032
0.023379506543278694
0.9904664754867554
0.0187626201659441
0.3854268789291382
0.9281826019287109
0.5908640623092651
0.028107723221182823
0.01707080565392971
0.35389837622642517
0.022329699248075485
0.02598191238939762
0.38829120993614197
0.5385220646858215
0.9876732230186462
0.029199913144111633
0.027730146422982216
0.04564438760280609
0.531673014163971
0.029737820848822594
0.9005139470100403
0.029650937765836716
0.027790147811174393
0.4685180187225342
0.021335933357477188
0.7690481543540955
0.9891760945320129
0.5073027610778809
0.9652697443962097
0.9750921130180359
0.018273016437888145
0.8218269348144531
0.02491622604429722
0.015160259790718555
0.9823032021522522
0.8896002173423767
0.05573240667581558
0.03472898155450821
0.8265330791473389
0.7047954797744751
0.35836610198020935
0.07959359884262085
0.43901950120925903
0.09899995476007462
0.017078567296266556
0.08816316723823547
0.9832404255867004
0.9897462129592896
0.9478627443313599
0.06704921275377274
0.023427970707416534
0.990218460559845
0.494199275970459
0.9897217154502869
0.02821763977408409
0.6068112850189209
0.11657368391752243
0.020900869742035866
0.9352824091911316
0.5359350442886353
0.05826305225491524
0.9827624559402466
0.02141527459025383
0.6106281876564026
0.9819753766059875
0.9829753041267395
0.7064197659492493
0.0414692722260952
0.9881780743598938
0.0160482469946146
0.6985006928443909
0.9875083565711975
0.26618170738220215
0.02059842459857464
0.9662249088287354
0.017644179984927177
0.11426250636577606
0.9283456206321716
0.02568255178630352
0.1323133111000061
0.01654018647968769
0.022352132946252823
0.022960130125284195
0.07060007005929947
0.9853699207305908
0.04570239037275314
0.046459320932626724
0.048545390367507935
0.9226466417312622
0.9504777789115906
0.28520968556404114
0.12167215347290039
0.971825122833252
0.26461315155029297
0.9462128281593323
0.023373639211058617
0.9876718521118164
0.02427157759666443
0.020608266815543175
0.4723545014858246
0.9817436933517456
0.976378858089447
0.026256581768393517
0.9894165396690369
0.9885584115982056
0.5213428735733032
0.04973214864730835
0.6209837198257446
0.5259646773338318
0.9591405987739563
0.19051362574100494
0.019933650270104408
0.9869669079780579
0.017771007493138313
0.9824001789093018
0.8003742694854736
0.053838469088077545
0.04546349123120308
0.4652188718318939
0.988146185874939
0.986748456954956
0.016615213826298714
0.5833663940429688
0.026118913665413857
0.018054524436593056
0.022528085857629776
0.983768880367279
0.9894271492958069
0.504214882850647
0.08505409955978394
0.052354492247104645
0.9942139983177185
0.9916666150093079
0.5700761675834656
0.9950997233390808
0.046073995530605316
0.9781297445297241
0.10054875910282135
0.8918580412864685
0.6863147616386414
0.06994519382715225
0.06211915239691734
0.8364063501358032
0.9929060935974121
0.07069649547338486
0.9109662175178528
0.9708484411239624
0.821848452091217
0.12187744677066803
0.23895491659641266
0.03245962783694267
0.7225902080535889
0.2838643193244934
0.9817028641700745
0.9818046689033508
0.9704446792602539
0.12078943848609924
0.13625745475292206
0.9908131957054138
0.9895269870758057
0.07070683687925339
0.23011450469493866
0.7519104480743408
0.9923096895217896
0.7132867574691772
0.06775497645139694
0.1354670375585556
0.17219960689544678
0.542534589767456
0.45463675260543823
0.9757989645004272
0.06028347089886665
0.9817731976509094
0.20883597433567047
0.23646537959575653
0.6527338624000549
0.051053255796432495
0.7626809477806091
0.2859431803226471
0.6479760408401489
0.969353199005127
0.9940349459648132
0.9936985969543457
0.06526694446802139
0.34444159269332886
0.9894233345985413
0.07023809105157852
0.3077850937843323
0.21322813630104065
0.874655544757843
0.9745352268218994
0.03998207673430443
0.14260433614253998
0.9787196516990662
0.05567634850740433
0.049835480749607086
0.9859365224838257
0.07474517077207565
0.5238778591156006
0.9941436648368835
0.9934485554695129
0.9794624447822571
0.024221129715442657
0.38391655683517456
0.9929942488670349
0.9913303852081299
0.2940203547477722
0.28130871057510376
0.9797989130020142
0.040976814925670624
0.9627807140350342
0.2359910011291504
0.95850670337677
0.9929089546203613
0.9910030364990234
0.9934006929397583
0.924089252948761
0.9911127686500549
0.9926072359085083
0.29344427585601807
0.9888793230056763
0.5580742955207825
0.14865648746490479
0.04195370525121689
0.1468500792980194
0.9940022826194763
0.03608732298016548
0.9606286287307739
0.0853230282664299
0.736759603023529
0.9788377285003662
0.210139662027359
0.2768712639808655
0.9928945899009705
0.03099208138883114
0.20623575150966644
0.5090934038162231
0.046137768775224686
0.9922634363174438
0.13371236622333527
0.21056360006332397
0.9883687496185303
0.9925244450569153
0.03947759047150612
0.20336376130580902
0.9848421812057495
0.9336609244346619
0.20666049420833588
0.021273722872138023
0.9556177854537964
0.99184250831604
0.8834377527236938
0.906548798084259
0.0594429150223732
0.9948203563690186
0.028125759214162827
0.22799503803253174
0.5102816224098206
0.9898020625114441
0.049247123301029205
0.36812707781791687
0.26539960503578186
0.1456238329410553
0.4192149341106415
0.08754263073205948
0.4116271138191223
0.03485126048326492
0.9935071468353271
0.7543098330497742
0.17767295241355896
0.7312697768211365
0.034694358706474304
0.14085935056209564
0.9901881814002991
0.9917941689491272
0.0829283595085144
0.1271250993013382
0.992190420627594
0.9785209894180298
0.3752066195011139
0.90629643201828
0.06307636946439743
0.09074977040290833
0.9884706735610962
0.9838064908981323
0.2121831625699997
0.9895583391189575
0.2102125585079193
0.04292028024792671
0.5549942255020142
0.2883746325969696
0.08627429604530334
0.9628548622131348
0.9922532439231873
0.3424757719039917
0.985575795173645
0.2350732982158661
0.01879822462797165
0.039439357817173004
0.03518116474151611
0.9696121215820312
0.9910353422164917
0.10289056599140167
0.11515265703201294
0.9907633662223816
0.9926345944404602
0.20512451231479645
0.9931862354278564
0.983120322227478
0.369305819272995
0.06925862282514572
0.19273068010807037
0.9753385782241821
0.09141559898853302
0.9921234250068665
0.9909630417823792
0.9918832778930664
0.35710713267326355
0.2664789855480194
0.05065136402845383
0.9846873879432678
0.04127227142453194
0.5976988077163696
0.09128516167402267
0.1149073988199234
0.9562256336212158
0.32551881670951843
0.12910296022891998
0.8223370909690857
0.14854741096496582
0.8707027435302734
0.40585750341415405
0.9658578634262085
0.9513520002365112
0.9922820925712585
0.2858509123325348
0.25300726294517517
0.9719065427780151
0.04072635620832443
0.6828436851501465
0.17798404395580292
0.03813226521015167
0.9840923547744751
0.4396798014640808
0.03638400509953499
0.2771107256412506
0.02145736664533615
0.03202628344297409
0.9842298626899719
0.9926527738571167
0.032564446330070496
0.08121184259653091
0.22564198076725006
0.3013876676559448
0.23317331075668335
0.49042803049087524
0.07488356530666351
0.10888486355543137
0.9921284914016724
0.40398895740509033
0.032541729509830475
0.9946537017822266
0.041170939803123474
0.1996779888868332
0.1035701110959053
0.9864885210990906
0.13733908534049988
0.8933454155921936
0.7850615382194519
0.9921890497207642
0.35636040568351746
0.29474836587905884
0.04690571874380112
0.9942980408668518
0.8429955840110779
0.16098107397556305
0.9929051995277405
0.2903577387332916
0.07069609314203262
0.025535831227898598
0.0651455670595169
0.9901988506317139
0.7960270643234253
0.02458745799958706
0.42196226119995117
0.0268319770693779
0.34067219495773315
0.990404486656189
0.7519916892051697
0.01965165138244629
0.9924995303153992
0.1543557494878769
0.04056435078382492
0.04662676155567169
0.6699395775794983
0.3298349678516388
0.10615396499633789
0.43027985095977783
0.9922412633895874
0.04241781309247017
0.30456140637397766
0.9916917085647583
0.9885735511779785
0.9819748997688293
0.44599464535713196
0.9680285453796387
0.026799412444233894
0.6713328957557678
0.2778526246547699
0.7837860584259033
0.11684752255678177
0.9935389161109924
0.694111704826355
0.21605591475963593
0.6495448350906372
0.16359874606132507
0.12189042568206787
0.9165340065956116
0.0453801304101944
0.49366000294685364
0.13432149589061737
0.38117170333862305
0.03050370141863823
0.9920877814292908
0.9050968885421753
0.09992354363203049
0.5040261745452881
0.9709993600845337
0.9916595816612244
0.12126322835683823
0.5314512848854065
0.7808566689491272
0.046792205423116684
0.781778872013092
0.27365201711654663
0.07980746775865555
0.05793941393494606
0.3511961102485657
0.9867967367172241
0.9779770374298096
0.7680110931396484
0.3528284430503845
0.030447885394096375
0.060039419680833817
0.9870998859405518
0.11837100982666016
0.9639154076576233
0.9929996728897095
0.17156067490577698
0.2429717630147934
0.9933248162269592
0.16763295233249664
0.9758706092834473
0.9909017086029053
0.15691152215003967
0.9923627376556396
0.957676887512207
0.9920759201049805
0.05208347365260124
0.14404131472110748
0.04319234564900398
0.9928123354911804
0.9910036325454712
0.9938761591911316
0.1076277568936348
0.043350402265787125
0.1472851186990738
0.12787103652954102
0.2718701660633087
0.053603921085596085
0.9934515953063965
0.09536575525999069
0.9643235206604004
0.5659139156341553
0.2442951500415802
0.1564730554819107
0.6292098164558411
0.991096019744873
0.2838270962238312
0.21114236116409302
0.10970691591501236
0.029667994007468224
0.14231853187084198
0.02892770804464817
0.040983933955430984
0.22377946972846985
0.9931139349937439
0.994419276714325
0.863852322101593
0.42899090051651
0.33940720558166504
0.18936797976493835
0.7376963496208191
0.047741927206516266
0.5993916392326355
0.04087289422750473
0.04616287350654602
0.8439099192619324
0.03958526998758316
0.4326173663139343
0.9913545250892639
0.1054782047867775
0.9882472157478333
0.18587259948253632
0.22017356753349304
0.09575539827346802
0.991894543170929
0.03470815718173981
0.22764980792999268
0.10093732923269272
0.9510358572006226
0.9796466827392578
0.9815993905067444
0.04098646342754364
0.39350417256355286
0.031989481300115585
0.06304001808166504
0.13650040328502655
0.9917301535606384
0.15932518243789673
0.9421713948249817
0.9801636338233948
0.5448459386825562
0.03192325681447983
0.04798746109008789
0.9886444807052612
0.1575782299041748
0.9934950470924377
0.16651101410388947
0.09174167364835739
0.9633488655090332
0.18153445422649384
0.5632203817367554
0.03460368514060974
0.20710910856723785
0.7217639684677124
0.9600791335105896
0.9673312902450562
0.04584459587931633
0.9927218556404114
0.11389470845460892
0.25274989008903503
0.04443483054637909
0.9942693710327148
0.08207590878009796
0.15695439279079437
0.3115498721599579
0.2182021141052246
0.028984911739826202
0.20749695599079132
0.10136383771896362
0.561795175075531
0.03176288306713104
0.9356547594070435
0.29023244976997375
0.1417132467031479
0.04212051257491112
0.5939257144927979
0.030850978568196297
0.9928669929504395
0.9903807044029236
0.11801067739725113
0.40328696370124817
0.9941779375076294
0.5228157639503479
0.4437345862388611
0.1258155256509781
0.11363889276981354
0.9925565719604492
0.02527991496026516
0.18592111766338348
0.4244471788406372
0.2443486601114273
0.15430907905101776
0.992957592010498
0.872387170791626
0.5407981872558594
0.9293556213378906
0.9921592473983765
0.9517102241516113
0.16214723885059357
0.43340587615966797
0.6948181390762329
0.9820282459259033
0.035131726413965225
0.07817411422729492
0.04162827134132385
0.09346995502710342
0.9882750511169434
0.9939339756965637
0.2422240525484085
0.7229697108268738
0.04020728915929794
0.27083244919776917
0.9933195114135742
0.9875871539115906
0.027437154203653336
0.23774830996990204
0.9932979941368103
0.990691065788269
0.969391942024231
0.05931573361158371
0.12864108383655548
0.9676408171653748
0.992099404335022
0.962226390838623
0.9726266264915466
0.9941003918647766
0.9941761493682861
0.964669942855835
0.721713662147522
0.36663877964019775
0.5493574142456055
0.48723772168159485
0.9830960035324097
0.7188165783882141
0.9753742814064026
0.10591120272874832
0.45731326937675476
0.9825336337089539
0.2100476324558258
0.05339054390788078
0.9916622638702393
0.02767067402601242
0.9747962355613708
0.2987838089466095
0.3168675899505615
0.804013192653656
0.2893918454647064
0.05969442054629326
0.395259827375412
0.18939895927906036
0.9896647334098816
0.09353657811880112
0.3746834695339203
0.9919522404670715
0.3289750814437866
0.14579607546329498
0.41960886120796204
0.12150698900222778
0.5301041007041931
0.9543541669845581
0.9863133430480957
0.9318349957466125
0.042870573699474335
0.15351681411266327
0.37729763984680176
0.9934485554695129
0.7116541862487793
0.9067620635032654
0.18455925583839417
0.02220412716269493
0.9769585728645325
0.9654878973960876
0.18610943853855133
0.08594007790088654
0.168344184756279
0.029749808833003044
0.44140762090682983
0.9904915690422058
0.030718352645635605
0.9596567153930664
0.9736140370368958
0.9702504873275757
0.986542820930481
0.6959636807441711
0.9935882091522217
0.9945486187934875
0.9749317169189453
0.5203074812889099
0.9763884544372559
0.5811659693717957
0.09291934967041016
0.9497278332710266
0.08352207392454147
0.38110795617103577
0.08122853934764862
0.22900106012821198
0.08310447633266449
0.35021236538887024
0.050270743668079376
0.9944167137145996
0.16185618937015533
0.11088104546070099
0.9723672270774841
0.9936498999595642
0.9227258563041687
0.12795108556747437
0.9819163084030151
0.990003764629364
0.9942278861999512
0.9929515719413757
0.01973671279847622
0.6053492426872253
0.3687131106853485
0.10918255150318146
0.9931750893592834
0.9954889416694641
0.14862042665481567
0.9706085920333862
0.15800508856773376
0.0849703848361969
0.988215446472168
0.28611063957214355
0.09023508429527283
0.07198944687843323
0.8204039335250854
0.12164264172315598
0.038609568029642105
0.992201566696167
0.657349169254303
0.03631936013698578
0.6798253059387207
0.9909838438034058
0.3676948845386505
0.9909458160400391
0.5379979610443115
0.9876886010169983
0.47789523005485535
0.5065709948539734
0.9938779473304749
0.144727423787117
0.0718584805727005
0.2019791454076767
0.41544109582901
0.04774126410484314
0.9900529980659485
0.9532655477523804
0.5837867259979248
0.31858640909194946
0.05047820135951042
0.12269745767116547
0.027441414073109627
0.02999955788254738
0.03807884082198143
0.1084882915019989
0.9922732710838318
0.8580974340438843
0.35839083790779114
0.9911618232727051
0.1662079244852066
0.06215789169073105
0.9878016114234924
0.9928795695304871
0.1980798840522766
0.9788249135017395
0.026798967272043228
0.07330603152513504
0.993080198764801
0.9931607246398926
0.4360879063606262
0.2421986609697342
0.3717387318611145
0.05333069711923599
0.21621550619602203
0.9937123656272888
0.9616904854774475
0.9937964677810669
0.984784722328186
0.04113251343369484
0.1287277191877365
0.974509060382843
0.06790916621685028
0.03448176383972168
0.21710073947906494
0.10173940658569336
0.897429347038269
0.05118013173341751
0.43739911913871765
0.8676674365997314
0.15694205462932587
0.01911204494535923
0.03591731935739517
0.5622823238372803
0.12337038666009903
0.08231047540903091
0.2462395280599594
0.7827140092849731
0.05337758734822273
0.1370730996131897
0.7776734232902527
0.9923673272132874
0.9782631993293762
0.03256811201572418
0.641563355922699
0.0234762541949749
0.610091507434845
0.9222180843353271
0.9927767515182495
0.9933928847312927
0.9855660796165466
0.024284331128001213
0.08520779758691788
0.9941397905349731
0.12814296782016754
0.03833581134676933
0.9859659075737
0.10073663294315338
0.30703139305114746
0.6921991109848022
0.24021416902542114
0.9912104606628418
0.5770761966705322
0.9878361821174622
0.9915306568145752
0.9887235164642334
0.08630257099866867
0.12896086275577545
0.09754530340433121
0.15495622158050537
0.31331899762153625
0.1429390013217926
0.18076184391975403
0.9898680448532104
0.34774893522262573
0.6740437746047974
0.994219183921814
0.08418027311563492
0.035318877547979355
0.9685702919960022
0.9643579125404358
0.49071958661079407
0.5835803747177124
0.4334128201007843
0.04802060127258301
0.5893232226371765
0.17180590331554413
0.984411358833313
0.9910152554512024
0.0476779006421566
0.1423662006855011
0.8232712745666504
0.06261271238327026
0.06436318159103394
0.14232991635799408
0.1507120132446289
0.9939475059509277
0.8377031683921814
0.08358408510684967
0.2650188207626343
0.1329711526632309
0.9849740266799927
0.2304176688194275
0.9790082573890686
0.7755638360977173
0.027030261233448982
0.992999792098999
0.9704275727272034
0.9920280575752258
0.025420866906642914
0.09583716094493866
0.9005455374717712
0.3578537404537201
0.9571663737297058
0.16724559664726257
0.9762510657310486
0.1392745077610016
0.03965821489691734
0.9862806797027588
0.03178643435239792
0.1162009984254837
0.9899910688400269
0.03524857014417648
0.8806613683700562
0.993026614189148
0.1565418541431427
0.14327947795391083
0.4189642071723938
0.3684925436973572
0.8077989816665649
0.9954513907432556
0.2633669674396515
0.03062908910214901
0.04249672219157219
0.019849803298711777
0.8113558292388916
0.0453709252178669
0.306501567363739
0.1561271995306015
0.18450722098350525
0.33211177587509155
0.9934476017951965
0.9898147583007812
0.14431780576705933
0.3442372679710388
0.031100064516067505
0.12998151779174805
0.08913596719503403
0.6988897919654846
0.02218976430594921
0.994446873664856
0.1368005871772766
0.09229569882154465
0.9768463969230652
0.8853940367698669
0.9681202173233032
0.9613223075866699
0.24853460490703583
0.9829514622688293
0.9816964268684387
0.9534587264060974
0.8683213591575623
0.10700410604476929
0.020991945639252663
0.9411444664001465
0.654446005821228
0.9572005867958069
0.35578852891921997
0.33699965476989746
0.017197053879499435
0.05123349651694298
0.9860564470291138
0.073418989777565
0.9765676856040955
0.9743400812149048
0.9738889336585999
0.9879392385482788
0.13315044343471527
0.9634209275245667
0.42535069584846497
0.06961853802204132
0.8758774995803833
0.033290181308984756
0.11595170199871063
0.986995279788971
0.07053138315677643
0.026531780138611794
0.24654117226600647
0.7669432759284973
0.6371043920516968
0.2838481068611145
0.9560737013816833
0.9724546670913696
0.9768841862678528
0.026127206161618233
0.12883028388023376
0.41235995292663574
0.24533003568649292
0.9784771800041199
0.14696431159973145
0.9811246395111084
0.02126188389956951
0.03233273699879646
0.060756806284189224
0.04952368140220642
0.016916990280151367
0.07040831446647644
0.03563223034143448
0.981097936630249
0.3749163746833801
0.02955034375190735
0.9672235250473022
0.09252675622701645
0.9406041502952576
0.6650924682617188
0.040749531239271164
0.06091347709298134
0.056705884635448456
0.9854391813278198
0.9825522899627686
0.1307622790336609
0.019035302102565765
0.8304396271705627
0.06744995713233948
0.9705266356468201
0.9866400361061096
0.987240731716156
0.46904733777046204
0.2625597417354584
0.9737920761108398
0.09164513647556305
0.09246493875980377
0.970992386341095
0.15065941214561462
0.03583061322569847
0.927048921585083
0.8624367117881775
0.04626275971531868
0.98188316822052
0.04498409852385521
0.14970193803310394
0.9842613935470581
0.9314332604408264
0.951589822769165
0.34550026059150696
0.6394820213317871
0.8391625881195068
0.9333990216255188
0.06247836723923683
0.22594782710075378
0.9184984564781189
0.9702944755554199
0.13534307479858398
0.9742222428321838
0.1861746609210968
0.9339578747749329
0.4039210379123688
0.3501061499118805
0.23842236399650574
0.9629961848258972
0.5914008021354675
0.5186952352523804
0.3539499342441559
0.8660970330238342
0.9801445007324219
0.07778948545455933
0.4210086464881897
0.03559209406375885
0.9662660956382751
0.9060583710670471
0.9860333800315857
0.9745374917984009
0.044249966740608215
0.024832213297486305
0.2610218822956085
0.044157903641462326
0.01394597627222538
0.016812581568956375
0.9724938273429871
0.8354487419128418
0.017102912068367004
0.9048277139663696
0.04058312624692917
0.4794805347919464
0.05221743509173393
0.9815735220909119
0.11166870594024658
0.02178613841533661
0.6441818475723267
0.9487942457199097
0.18088601529598236
0.01938173547387123
0.19029708206653595
0.4615400433540344
0.033327169716358185
0.9782307147979736
0.017659679055213928
0.9714994430541992
0.23838554322719574
0.05067438632249832
0.984618604183197
0.07915092259645462
0.1617816686630249
0.020588738843798637
0.9446637034416199
0.34120506048202515
0.2607322931289673
0.3597581088542938
0.8792053461074829
0.9756467938423157
0.9715563654899597
0.06784134358167648
0.22178581357002258
0.978683352470398
0.1363951414823532
0.8947867751121521
0.9767826199531555
0.9541837573051453
0.30985227227211
0.9740978479385376
0.9710162878036499
0.9554757475852966
0.6460729241371155
0.13140720129013062
0.048817507922649384
0.01960579864680767
0.8859664797782898
0.9834421277046204
0.9442413449287415
0.10033572465181351
0.9882305860519409
0.8402112126350403
0.4797401428222656
0.022901255637407303
0.2887267768383026
0.9857967495918274
0.2809773087501526
0.9771475195884705
0.5629842877388
0.9844785928726196
0.9661615490913391
0.9356489181518555
0.09949477016925812
0.26993462443351746
0.9755511283874512
0.5737003087997437
0.30786389112472534
0.09323053061962128
0.06055360659956932
0.9777950048446655
0.966096818447113
0.22093650698661804
0.9779836535453796
0.9873104095458984
0.2287164032459259
0.017811179161071777
0.46856823563575745
0.022291837260127068
0.5266044735908508
0.020007213577628136
0.01660899631679058
0.9267614483833313
0.9141113758087158
0.017622623592615128
0.022150279954075813
0.4987472891807556
0.012398664839565754
0.047747936099767685
0.9784001111984253
0.026307392865419388
0.029311278834939003
0.3365866541862488
0.04834044724702835
0.9591050744056702
0.9724498391151428
0.36763644218444824
0.5602840185165405
0.5748472213745117
0.06159684807062149
0.8514732718467712
0.07955829799175262
0.1051497682929039
0.08962293714284897
0.9558115005493164
0.02844235673546791
0.19466593861579895
0.8721234798431396
0.9601927995681763
0.9305548071861267
0.9754388332366943
0.1362566351890564
0.948434591293335
0.01638549380004406
0.9834209084510803
0.061627794057130814
0.9693664312362671
0.04990024119615555
0.6340187191963196
0.9776927828788757
0.27591657638549805
0.5527676343917847
0.04476551711559296
0.9288570284843445
0.9790821075439453
0.02063874900341034
0.17276528477668762
0.6140830516815186
0.267177015542984
0.017845341935753822
0.19077399373054504
0.03148422762751579
0.035308100283145905
0.10474396497011185
0.06599576026201248
0.9669051766395569
0.9766859412193298
0.7828230261802673
0.7760538458824158
0.48757675290107727
0.026030661538243294
0.20485083758831024
0.4492252767086029
0.9734110236167908
0.9357792735099792
0.4989801347255707
0.9771867394447327
0.9663428664207458
0.9826315641403198
0.9766502380371094
0.8589116930961609
0.9209404587745667
0.9639445543289185
0.03670460358262062
0.9768884778022766
0.09128449112176895
0.28390705585479736
0.9282662272453308
0.01806139014661312
0.9509844183921814
0.9794965386390686
0.9537026286125183
0.050431959331035614
0.7020025253295898
0.046520210802555084
0.9401166439056396
0.026371335610747337
0.5680559277534485
0.013781487941741943
0.02432320825755596
0.9770927429199219
0.11647158861160278
0.2287939190864563
0.019523341208696365
0.9793541431427002
0.9669574499130249
0.9693491458892822
0.29223474860191345
0.2560015022754669
0.9715477824211121
0.23549753427505493
0.9744153022766113
0.95107501745224
0.8883585333824158
0.980026364326477
0.864638090133667
0.980255126953125
0.10004007071256638
0.357312947511673
0.01640813983976841
0.030851369723677635
0.14961542189121246
0.1116809993982315
0.6605059504508972
0.10819633305072784
0.2111707180738449
0.2042190134525299
0.9503194093704224
0.8296405673027039
0.28882455825805664
0.10237341374158859
0.031942691653966904
0.9685910940170288
0.020790446549654007
0.9037913680076599
0.06916660815477371
0.6043921113014221
0.9809045195579529
0.46338510513305664
0.976652979850769
0.019894065335392952
0.32961609959602356
0.11086050420999527
0.0459626279771328
0.08859167248010635
0.01634724996984005
0.8017032146453857
0.9653930068016052
0.020528672263026237
0.09147559851408005
0.42725062370300293
0.5275733470916748
0.13552723824977875
0.9752124547958374
0.07401160895824432
0.9631868600845337
0.47905024886131287
0.26923510432243347
0.9824473261833191
0.021077459678053856
0.936755895614624
0.0338716134428978
0.016671231016516685
0.04951349273324013
0.491092711687088
0.04066837206482887
0.9786888957023621
0.25915053486824036
0.3696586787700653
0.8199089169502258
0.9870866537094116
0.10903789848089218
0.018680641427636147
0.058728575706481934
0.9852768778800964
0.9434633255004883
0.4488985240459442
0.9486683011054993
0.4730892777442932
0.9840593338012695
0.026543864980340004
0.15236109495162964
0.21693255007266998
0.09632428735494614
0.01795123890042305
0.07663509994745255
0.03688788041472435
0.2863845229148865
0.2799714505672455
0.9376618266105652
0.9623731970787048
0.7028388977050781
0.9643682241439819
0.9523437023162842
0.7770513892173767
0.07321230322122574
0.519149661064148
0.982524573802948
0.8418915271759033
0.9115776419639587
0.976356029510498
0.4366070032119751
0.8708077073097229
0.9877316355705261
0.03983082249760628
0.9795132279396057
0.5377922058105469
0.11447640508413315
0.07429545372724533
0.1783253401517868
0.9503124952316284
0.3026680648326874
0.02960171177983284
0.9615663886070251
0.9327681660652161
0.30810704827308655
0.014943609945476055
0.9582298994064331
0.9883157014846802
0.03620067983865738
0.7070450782775879
0.9763763546943665
0.9277105927467346
0.9801223874092102
0.2862038314342499
0.961731493473053
0.027810411527752876
0.04450291022658348
0.964690625667572
0.8984883427619934
0.021153077483177185
0.9756460785865784
0.8587019443511963
0.015809781849384308
0.9335469007492065
0.9822742342948914
0.04142121225595474
0.35735586285591125
0.9622801542282104
0.7884793281555176
0.2801286578178406
0.45346519351005554
0.05894036218523979
0.9201063513755798
0.975716233253479
0.32050466537475586
0.9673513770103455
0.023995205760002136
0.026181543245911598
0.9613945484161377
0.04190507531166077
0.8547760248184204
0.01444962527602911
0.04524100199341774
0.27421048283576965
0.9757682085037231
0.9528747200965881
0.060028377920389175
0.10011681169271469
0.9845532178878784
0.9883188009262085
0.5970209836959839
0.9765076637268066
0.9897487759590149
0.9698032736778259
0.9824262857437134
0.21705760061740875
0.10752822458744049
0.020815731957554817
0.9436884522438049
0.03224455192685127
0.01577867940068245
0.9877792000770569
0.021956320852041245
0.9513521194458008
0.06726202368736267
0.9567518830299377
0.986564040184021
0.8712355494499207
0.898614227771759
0.8331857919692993
0.3693777918815613
0.9099704623222351
0.989887535572052
0.026795879006385803
0.07773890346288681
0.9388605356216431
0.12762470543384552
0.23367369174957275
0.44324174523353577
0.33876559138298035
0.9546644687652588
0.8965902924537659
0.9875286817550659
0.03885546699166298
0.973959743976593
0.21192915737628937
0.056289590895175934
0.05383407324552536
0.8422687649726868
0.027985889464616776
0.0178917795419693
0.06252215802669525
0.24244244396686554
0.0576995350420475
0.9688128232955933
0.0214739628136158
0.29226964712142944
0.03392989560961723
0.17984503507614136
0.4071063995361328
0.017680104821920395
0.021353337913751602
0.25745460391044617
0.01572229340672493
0.01922953687608242
0.7067983746528625
0.14190329611301422
0.056896209716796875
0.9608922004699707
0.97646164894104
0.9602698087692261
0.38280361890792847
0.9716950058937073
0.9792534112930298
0.14812757074832916
0.04666506126523018
0.021418537944555283
0.4832163155078888
0.3168870210647583
0.9828624129295349
0.35474514961242676
0.3476734459400177
0.9760183095932007
0.36549505591392517
0.026996612548828125
0.023171937093138695
0.018211545422673225
0.4492981731891632
0.0869993194937706
0.019698169082403183
0.01964505948126316
0.179592102766037
0.04543573036789894
0.9279385209083557
0.022329147905111313
0.2926795184612274
0.24451309442520142
0.07897301018238068
0.8694853186607361
0.948775589466095
0.9834396243095398
0.2604673504829407
0.031063804402947426
0.9274938702583313
0.45686954259872437
0.31479689478874207
0.9854217767715454
0.9372435212135315
0.9515646696090698
0.8825778961181641
0.1475803256034851
0.3471774458885193
0.0698636993765831
0.13843786716461182
0.03805685043334961
0.9839239716529846
0.45353761315345764
0.018390553072094917
0.9437546730041504
0.9218744039535522
0.233075350522995
0.9883761405944824
0.9795724749565125
0.9807820320129395
0.14611680805683136
0.030300406739115715
0.16570718586444855
0.015188897959887981
0.35992056131362915
0.9485447406768799
0.9831801652908325
0.84317547082901
0.2571442127227783
0.9862619042396545
0.021935846656560898
0.03919712454080582
0.9868324995040894
0.28049299120903015
0.9755828976631165
0.05553385987877846
0.2692689895629883
0.12693336606025696
0.09854844212532043
0.03826814517378807
0.809186577796936
0.9321130514144897
0.2814584970474243
0.01426631398499012
0.12478464096784592
0.022824596613645554
0.3399432301521301
0.9860207438468933
0.9836567640304565
0.059313103556632996
0.33961087465286255
0.4027874767780304
0.46946272253990173
0.10178744047880173
0.9367631077766418
0.9834222793579102
0.9816069602966309
0.9766722917556763
0.4072822034358978
0.17694099247455597
0.022905683144927025
0.027883946895599365
0.2554284930229187
0.029264377430081367
0.05654891952872276
0.02556396648287773
0.9295386672019958
0.9714223742485046
0.6421850919723511
0.9804822206497192
0.8931058049201965
0.9397473931312561
0.20329205691814423
0.06502562761306763
0.07110323011875153
0.38460856676101685
0.9756029844284058
0.16586428880691528
0.9610527157783508
0.9402312636375427
0.9746934771537781
0.06580197811126709
0.8988664150238037
0.024680498987436295
0.9222781658172607
0.258968710899353
0.01798509806394577
0.018538380041718483
0.0553932785987854
0.1960599273443222
0.01821514591574669
0.9299928545951843
0.7589899301528931
0.8567293286323547
0.06075509637594223
0.058522649109363556
0.954953134059906
0.32206887006759644
0.10953912138938904
0.020811697468161583
0.029416866600513458
0.13146452605724335
0.9727354645729065
0.9824779629707336
0.025544479489326477
0.06920912116765976
0.5590178370475769
0.02224358357489109
0.43836554884910583
0.1709698736667633
0.9570332765579224
0.9754618406295776
0.42362359166145325
0.08507579565048218
0.01500155869871378
0.034955624490976334
0.904096245765686
0.9796424508094788
0.3239355683326721
0.9779535531997681
0.017398767173290253
0.03299451246857643
0.9262394309043884
0.6762850284576416
0.9882712960243225
0.2971469461917877
0.21425659954547882
0.05018029361963272
0.8936277627944946
0.977616012096405
0.06291752308607101
0.9303687810897827
0.030612437054514885
0.9624488353729248
0.973612368106842
0.3417525887489319
0.4259845018386841
0.019905583932995796
0.22123359143733978
0.06906260550022125
0.9658756852149963
0.9313174486160278
0.08366820961236954
0.4259473383426666
0.9452087879180908
0.8099803924560547
0.04613710194826126
0.1299034208059311
0.0947379618883133
0.9735143780708313
0.9744551777839661
0.024313747882843018
0.043203797191381454
0.9804850220680237
0.05690307915210724
0.9790850877761841
0.9839052557945251
0.9736992716789246
0.9715777635574341
0.028050094842910767
0.01990864798426628
0.5733873844146729
0.33487650752067566
0.022567806765437126
0.13717462122440338
0.32860761880874634
0.02370464615523815
0.03363112360239029
0.07946296781301498
0.9874007105827332
0.22576679289340973
0.024366939440369606
0.9723435640335083
0.020059823989868164
0.39402100443840027
0.20625272393226624
0.9408436417579651
0.01631026528775692
0.5899413824081421
0.9791821837425232
0.1544620841741562
0.017194008454680443
0.989361584186554
0.014851665124297142
0.9857783317565918
0.9870747327804565
0.03801361843943596
0.01950325258076191
0.06376070529222488
0.03127742558717728
0.38271990418434143
0.9715458750724792
0.9804556369781494
0.9034641981124878
0.32523858547210693
0.9896184802055359
0.02020520344376564
0.9898974895477295
0.9831200838088989
0.5834494829177856
0.9704393744468689
0.10838894546031952
0.03407905995845795
0.32236242294311523
0.025263341143727303
0.9832174777984619
0.910526692867279
0.024304987862706184
0.9886022210121155
0.14501813054084778
0.8954234719276428
0.9633982181549072
0.9794792532920837
0.9391680955886841
0.9763606786727905
0.2885154187679291
0.030902355909347534
0.993607759475708
0.5706657767295837
0.2320331633090973
0.9909695982933044
0.9268596172332764
0.9941853880882263
0.06316716969013214
0.029508056119084358
0.963692843914032
0.7314008474349976
0.030218666419386864
0.3072909414768219
0.03851832449436188
0.38019195199012756
0.058486711233854294
0.9935747981071472
0.15026523172855377
0.06614945083856583
0.9921028017997742
0.2978965640068054
0.033177610486745834
0.032910700887441635
0.09534816443920135
0.7580147385597229
0.3285498321056366
0.7952941656112671
0.9915278553962708
0.0393194779753685
0.04820017144083977
0.8689572215080261
0.9935011267662048
0.9807552099227905
0.9934187531471252
0.9944750666618347
0.03139470890164375
0.037672970443964005
0.039998918771743774
0.470539927482605
0.579428493976593
0.08999890834093094
0.05653722211718559
0.9932211637496948
0.9912591576576233
0.9918670058250427
0.040637142956256866
0.9581470489501953
0.5979320406913757
0.16953115165233612
0.3004838824272156
0.9928879141807556
0.11707185208797455
0.41812053322792053
0.6183403730392456
0.029433848336338997
0.0817861407995224
0.10393055528402328
0.9932129383087158
0.9654116034507751
0.2542630136013031
0.971245527267456
0.9766690135002136
0.46023258566856384
0.49549317359924316
0.9938732385635376
0.5136170983314514
0.9926250576972961
0.2678109109401703
0.14166729152202606
0.9932170510292053
0.9427846074104309
0.0701591894030571
0.9926226139068604
0.2655065655708313
0.14328086376190186
0.9919214248657227
0.9933439493179321
0.9673082232475281
0.9947303533554077
0.06911774724721909
0.026069289073348045
0.9904149770736694
0.039275817573070526
0.20649443566799164
0.2251874804496765
0.9911496639251709
0.33899715542793274
0.7131173014640808
0.5966072082519531
0.19835932552814484
0.8880717158317566
0.9874160885810852
0.038291409611701965
0.6273481845855713
0.13566692173480988
0.30080923438072205
0.3619731366634369
0.08115162700414658
0.8704348802566528
0.06578230112791061
0.04552016034722328
0.7640342712402344
0.6780914664268494
0.0342521145939827
0.6626977324485779
0.04635023698210716
0.1963152140378952
0.07961591333150864
0.7928822040557861
0.993516206741333
0.9946147799491882
0.1802319884300232
0.03937619924545288
0.9906544089317322
0.8180526494979858
0.3971055746078491
0.3851059377193451
0.15028950572013855
0.4555895924568176
0.8977149724960327
0.9926464557647705
0.9692710041999817
0.6095500588417053
0.05332097411155701
0.9942553639411926
0.16891935467720032
0.9896453619003296
0.7309215068817139
0.04156404361128807
0.08664746582508087
0.9849645495414734
0.9902982115745544
0.03477729111909866
0.9933598637580872
0.033448509871959686
0.9790328741073608
0.7786130905151367
0.994904637336731
0.9944354295730591
0.9940869808197021
0.9924682974815369
0.19421616196632385
0.02280394360423088
0.40456366539001465
0.961104691028595
0.5629322528839111
0.037408001720905304
0.4299016296863556
0.974253237247467
0.9895455241203308
0.9936040043830872
0.2153201401233673
0.27058982849121094
0.8748561143875122
0.4981296956539154
0.03583104535937309
0.8860974907875061
0.9930045008659363
0.3303178548812866
0.42340537905693054
0.9924905896186829
0.3311682343482971
0.9925076365470886
0.29865407943725586
0.06712225824594498
0.1071317195892334
0.9078293442726135
0.043058622628450394
0.05969801917672157
0.03073081187903881
0.991698145866394
0.7640656232833862
0.0370299331843853
0.06602457165718079
0.9925861954689026
0.9866769313812256
0.9915167093276978
0.9904801249504089
0.5915290117263794
0.9925925135612488
0.9913809895515442
0.08459401875734329
0.030131403356790543
0.9934184551239014
0.1904260814189911
0.3652478754520416
0.2665855586528778
0.203299880027771
0.6228561401367188
0.03974217176437378
0.974334716796875
0.9886811971664429
0.9871262907981873
0.15892836451530457
0.05985274910926819
0.9920790791511536
0.8907871842384338
0.928568422794342
0.1412525624036789
0.9839850068092346
0.6357502937316895
0.8613425493240356
0.9159011840820312
0.9950413107872009
0.02940090000629425
0.3323726952075958
0.9239727258682251
0.09839727729558945
0.9925966262817383
0.6151819229125977
0.39269131422042847
0.9927682876586914
0.03831348568201065
0.18460756540298462
0.06650141626596451
0.02528569847345352
0.9934497475624084
0.9754368662834167
0.8699237108230591
0.0958082303404808
0.97664874792099
0.9106882214546204
0.15148307383060455
0.6153475046157837
0.9786873459815979
0.029515456408262253
0.07443603873252869
0.9936180114746094
0.9916539192199707
0.1797294169664383
0.26790595054626465
0.9941734671592712
0.09226307272911072
0.8281543254852295
0.14916759729385376
0.04587361589074135
0.9938555359840393
0.2744177579879761
0.8688894510269165
0.4223041236400604
0.95960533618927
0.993695080280304
0.45046377182006836
0.16934600472450256
0.6232965588569641
0.9831855297088623
0.9943073391914368
0.15876616537570953
0.9937359094619751
0.29895102977752686
0.9871525168418884
0.6716397404670715
0.9732052683830261
0.5984675884246826
0.061012979596853256
0.29437828063964844
0.9935593605041504
0.030197056010365486
0.02440624125301838
0.028458502143621445
0.9936435222625732
0.4955872595310211
0.0554119348526001
0.847024142742157
0.08508990705013275
0.12310593575239182
0.049889855086803436
0.9935484528541565
0.08243273198604584
0.0456916019320488
0.35223764181137085
0.026296891272068024
0.9938609600067139
0.031206075102090836
0.9902453422546387
0.9933580756187439
0.24812103807926178
0.9257513880729675
0.06447435915470123
0.9541944861412048
0.031131286174058914
0.03617756441235542
0.6671236753463745
0.9937671422958374
0.5626468062400818
0.03214067965745926
0.9535223245620728
0.0374760702252388
0.33627790212631226
0.05710047483444214
0.06276079267263412
0.9928063154220581
0.038606658577919006
0.35130998492240906
0.9902034997940063
0.12393860518932343
0.9945064187049866
0.29634734988212585
0.0506664477288723
0.11126399785280228
0.2763925790786743
0.8394342064857483
0.9483025074005127
0.99187171459198
0.201126366853714
0.9933947920799255
0.05712117254734039
0.14717867970466614
0.264765202999115
0.06806088984012604
0.9939033389091492
0.04087245836853981
0.20721104741096497
0.4429745674133301
0.03710256889462471
0.05110633745789528
0.9456552267074585
0.0866081640124321
0.6133189797401428
0.22216102480888367
0.9935339689254761
0.1792096644639969
0.434914231300354
0.9924415349960327
0.02794916369020939
0.9924749732017517
0.9944159984588623
0.05239975452423096
0.36893415451049805
0.9787945747375488
0.9919562339782715
0.03739212080836296
0.7811264991760254
0.9936588406562805
0.39452826976776123
0.35840269923210144
0.2657328248023987
0.03969767689704895
0.12627434730529785
0.04372817277908325
0.2300284206867218
0.038915541023015976
0.9938325881958008
0.9004228115081787
0.9912035465240479
0.2607358694076538
0.6568028330802917
0.6088916063308716
0.5186072587966919
0.8863947987556458
0.9944485425949097
0.9945043921470642
0.9926245808601379
0.05403117090463638
0.019512828439474106
0.3829343616962433
0.9938523769378662
0.9561275243759155
0.04657699167728424
0.9926230907440186
0.9917968511581421
0.9885903000831604
0.9923303723335266
0.8390113115310669
0.09257373958826065
0.9944854378700256
0.18794751167297363
0.030661193653941154
0.08805261552333832
0.9910269379615784
0.6768494248390198
0.5454750061035156
0.9913896918296814
0.99086993932724
0.21298502385616302
0.5711643695831299
0.9780464768409729
0.9928513765335083
0.03723307326436043
0.033323489129543304
0.9922147393226624
0.2894829213619232
0.139072984457016
0.7726361751556396
0.979151725769043
0.2968461513519287
0.0457741916179657
0.5656943321228027
0.9576112031936646
0.0789099708199501
0.739417552947998
0.1458098590373993
0.02964146062731743
0.9932274222373962
0.03894229233264923
0.2428973913192749
0.030442222952842712
0.9944109320640564
0.20092250406742096
0.9938256740570068
0.03333241492509842
0.2628517746925354
0.9930047392845154
0.058654069900512695
0.6358218789100647
0.992317795753479
0.5829622745513916
0.991973876953125
0.9918328523635864
0.9940811991691589
0.2038177251815796
0.9876744151115417
0.2703329622745514
0.9927046895027161
0.030543524771928787
0.9926277995109558
0.9540091156959534
0.35245999693870544
0.16469070315361023
0.19803227484226227
0.6331140398979187
0.7393360137939453
0.42885586619377136
0.9926250576972961
0.20806050300598145
0.9933017492294312
0.037774376571178436
0.03030586801469326
0.2269456386566162
0.037363700568675995
0.20661437511444092
0.9807451963424683
0.8074652552604675
0.2026207000017166
0.03379607945680618
0.15446218848228455
0.36203572154045105
0.9932523369789124
0.4037022292613983
0.9847244024276733
0.9940203428268433
0.9930347204208374
0.3569701015949249
0.9665761590003967
0.04506535083055496
0.11534763127565384
0.1452505737543106
0.03613000363111496
0.993180513381958
0.6942702531814575
0.9922983050346375
0.5369810461997986
0.30873727798461914
0.35329872369766235
0.047566939145326614
0.9940213561058044
0.1974143236875534
0.9941133856773376
0.5745697617530823
0.99114590883255
0.6642975211143494
0.7687093019485474
0.991460919380188
0.32492175698280334
0.16225065290927887
0.1130414828658104
0.20268750190734863
0.9939370155334473
0.08608847856521606
0.9699810147285461
0.9936602711677551
0.9893440008163452
0.02933109551668167
0.6932513117790222
0.06955157965421677
0.9401308298110962
0.11751478910446167
0.06018255650997162
0.9905779361724854
0.9547512531280518
0.9895860552787781
0.4939024746417999
0.20342543721199036
0.31546205282211304
0.10836858302354813
0.9939098358154297
0.20478790998458862
0.49440574645996094
0.9923140406608582
0.9546958804130554
0.9286061525344849
0.994657576084137
0.22048215568065643
0.06660006940364838
0.965221643447876
0.09179018437862396
0.992638111114502
0.98542320728302
0.12889845669269562
0.04669329896569252
0.9931761622428894
0.06854354590177536
0.9546654224395752
0.9931094646453857
0.3000004291534424
0.05341612920165062
0.028169039636850357
0.9830993413925171
0.24519772827625275
0.5595952272415161
0.05148164555430412
0.40677332878112793
0.979838490486145
0.5819860696792603
0.8260292410850525
0.9903795719146729
0.03515472263097763
0.9937082529067993
0.10757623612880707
0.6263625621795654
0.05021045356988907
0.18825237452983856
0.06920018047094345
0.5956467986106873
0.04172581061720848
0.04574006050825119
0.9814797043800354
0.4717423915863037
0.08141891658306122
0.9933564066886902
0.4548390209674835
0.605645477771759
0.9915063977241516
0.03323223069310188
0.0417887307703495
0.9695499539375305
0.9929274916648865
0.9893776774406433
0.03413107991218567
0.473202645778656
0.9938378930091858
0.45674750208854675
0.22843022644519806
0.869101881980896
0.04649919643998146
0.32853177189826965
0.7472681999206543
0.9842987060546875
0.4962930977344513
0.18166688084602356
0.7222606539726257
0.983340322971344
0.9883469939231873
0.04069079831242561
0.9926514029502869
0.9936543703079224
0.7625463604927063
0.9917329549789429
0.9919258952140808
0.07559626549482346
0.028259577229619026
0.9936366081237793
0.9904198050498962
0.7304567098617554
0.9934241771697998
0.9919657707214355
0.4596751928329468
0.28889715671539307
0.993454098701477
0.29385805130004883
0.9677851796150208
0.9935844540596008
0.309928834438324
0.16412921249866486
0.991969645023346
0.03464176505804062
0.030186906456947327
0.087949238717556
0.18901188671588898
0.9931760430335999
0.9949091076850891
0.06401778757572174
0.047797802835702896
0.26276662945747375
0.9895871877670288
0.22994817793369293
0.2099764496088028
0.2703438103199005
0.9952594637870789
0.9799464344978333
0.06401985138654709
0.9936195015907288
0.9936210513114929
0.023844698444008827
0.9919646978378296
0.5416523814201355
0.03471457213163376
0.9923105239868164
0.060378655791282654
0.5437963604927063
0.02677261084318161
0.4831366539001465
0.42580294609069824
0.7898377776145935
0.9914817810058594
0.9914155602455139
0.02980038709938526
0.4030992090702057
0.9820743203163147
0.24037621915340424
0.22258004546165466
0.9930378794670105
0.4616805911064148
0.9823628067970276
0.994276225566864
0.18280915915966034
0.5295769572257996
0.5759481191635132
0.2179785817861557
0.9734203815460205
0.9943716526031494
0.11766649037599564
0.9926498532295227
0.7938469648361206
0.9614156484603882
0.09191307425498962
0.9832155108451843
0.03488845005631447
0.06196190044283867
0.9931806325912476
0.9495384097099304
0.03394168242812157
0.9346794486045837
0.9944530129432678
0.9939926266670227
0.21879172325134277
0.14360183477401733
0.27657440304756165
0.9918568134307861
0.9898145198822021
0.05423607677221298
0.9922450184822083
0.03515205904841423
0.036506060510873795
0.759273111820221
0.9945605397224426
0.04331326112151146
0.9922084212303162
0.2783905863761902
0.05656620115041733
0.4679071605205536
0.06972313672304153
0.6899034380912781
0.10298735648393631
0.2660873830318451
0.6108878254890442
0.994675874710083
0.025332452729344368
0.6675704121589661
0.9835073947906494
0.8883509039878845
0.98799729347229
0.9745377898216248
0.03852515667676926
0.04366079717874527
0.03933870047330856
0.9848349094390869
0.13511160016059875
0.5378966331481934
0.9941990375518799
0.034300170838832855
0.6885923147201538
0.052848752588033676
0.3015385568141937
0.07334601879119873
0.028811153024435043
0.6594372391700745
0.035782817751169205
0.9950408339500427
0.9838321208953857
0.28145819902420044
0.4506154954433441
0.2196585088968277
0.5155439376831055
0.3769933879375458
0.9693349003791809
0.9931921362876892
0.10950499773025513
0.9932789206504822
0.9941396713256836
0.9934773445129395
0.03199128434062004
0.030823959037661552
0.9944115281105042
0.07076892256736755
0.9942018389701843
0.9935706853866577
0.4465009868144989
0.448262095451355
0.9941564798355103
0.9928713440895081
0.9939131140708923
0.03341253846883774
0.042289599776268005
0.9721248149871826
0.09953964501619339
0.16925479471683502
0.5541521310806274
0.966723620891571
0.023930348455905914
0.7822348475456238
0.04101824015378952
0.029620811343193054
0.9677714109420776
0.8510072827339172
0.9908979535102844
0.12146635353565216
0.12259945273399353
0.797539472579956
0.25775614380836487
0.9907307028770447
0.6726497411727905
0.20320329070091248
0.0394069105386734
0.08886053413152695
0.9897081851959229
0.061276212334632874
0.035405609756708145
0.046519212424755096
0.979042649269104
0.09531141817569733
0.05828048661351204
0.2997335195541382
0.840631365776062
0.9518237113952637
0.9921932816505432
0.45784470438957214
0.5341757535934448
0.9877158999443054
0.05812125653028488
0.48485714197158813
0.21826761960983276
0.9930048584938049
0.9921022057533264
0.9933711290359497
0.06302827596664429
0.9717051386833191
0.11120456457138062
0.03703276067972183
0.3428323268890381
0.2533079981803894
0.783307671546936
0.7023167014122009
0.9834285378456116
0.057049382477998734
0.991969883441925
0.6807841062545776
0.6715962886810303
0.974239706993103
0.9922979474067688
0.9936370849609375
0.22627964615821838
0.12864267826080322
0.9942593574523926
0.07332633435726166
0.22182849049568176
0.09488434344530106
0.045077845454216
0.033281031996011734
0.9865678548812866
0.03384971246123314
0.1683325171470642
0.1860772967338562
0.14444510638713837
0.19558154046535492
0.0391850620508194
0.12934008240699768
0.9357125759124756
0.37006813287734985
0.2180994749069214
0.14226537942886353
0.9871676564216614
0.09358660876750946
0.08345736563205719
0.14722312986850739
0.026771273463964462
0.9760292172431946
0.04126172512769699
0.336728572845459
0.9475692510604858
0.9822713136672974
0.19562943279743195
0.25263097882270813
0.43287748098373413
0.04744014889001846
0.9853853583335876
0.07730954140424728
0.9853180646896362
0.05506066977977753
0.8632025122642517
0.9846818447113037
0.02588612772524357
0.4071439206600189
0.3518029451370239
0.9841794371604919
0.09126115590333939
0.10691671073436737
0.9837258458137512
0.02188332937657833
0.9871352314949036
0.1029818207025528
0.10041288286447525
0.03878564015030861
0.9834852814674377
0.04913005605340004
0.05781295895576477
0.9881844520568848
0.029378781095147133
0.029898321256041527
0.09273234754800797
0.9806171655654907
0.043467555195093155
0.04493366554379463
0.9881646633148193
0.03349807485938072
0.2822452187538147
0.9866018891334534
0.9612669944763184
0.06833210587501526
0.18928726017475128
0.03804074600338936
0.9873393774032593
0.432320773601532
0.03335104137659073
0.06053774058818817
0.09746699035167694
0.9879572987556458
0.986873209476471
0.05458638072013855
0.1387326717376709
0.9841817021369934
0.31232333183288574
0.10793334990739822
0.5728785395622253
0.024880070239305496
0.03991576284170151
0.05110331252217293
0.025640521198511124
0.10001171380281448
0.5080388784408569
0.9873084425926208
0.98884516954422
0.330066442489624
0.9887162446975708
0.9810974597930908
0.9876289367675781
0.9864174127578735
0.8623389005661011
0.9873633980751038
0.028429919853806496
0.28952622413635254
0.9472135901451111
0.046372268348932266
0.9091014266014099
0.9683221578598022
0.9783485531806946
0.08446817100048065
0.20663563907146454
0.986224889755249
0.6417924165725708
0.9847555756568909
0.04292496666312218
0.9891765713691711
0.041736993938684464
0.2543487846851349
0.13690194487571716
0.07132211327552795
0.9839808344841003
0.9865424633026123
0.049704428762197495
0.041961390525102615
0.1885150820016861
0.5879521369934082
0.03241490200161934
0.9841034412384033
0.08774619549512863
0.09076224267482758
0.030887356027960777
0.03630987927317619
0.05122143775224686
0.9843272566795349
0.14614470303058624
0.982291579246521
0.03915183246135712
0.9809702038764954
0.9872673153877258
0.09470461308956146
0.984097421169281
0.0464983694255352
0.08687736093997955
0.9085883498191833
0.987337052822113
0.03550571948289871
0.2979070544242859
0.9876952171325684
0.05639148876070976
0.04700322076678276
0.9822730422019958
0.9860563278198242
0.06572146713733673
0.9040709137916565
0.9870801568031311
0.049481503665447235
0.9856530427932739
0.01856604963541031
0.2580111026763916
0.0817410796880722
0.9801745414733887
0.6375217437744141
0.9857764840126038
0.13874690234661102
0.18615838885307312
0.48500943183898926
0.9884907007217407
0.5349076390266418
0.9832997918128967
0.028853796422481537
0.9848474860191345
0.983198344707489
0.987026035785675
0.028254402801394463
0.9877856969833374
0.14965808391571045
0.9857668876647949
0.9877020716667175
0.9856144785881042
0.05285673215985298
0.1276128739118576
0.9841051697731018
0.9841153621673584
0.06744351238012314
0.4132649898529053
0.9819229245185852
0.9846383929252625
0.9817096590995789
0.8309760093688965
0.9859515428543091
0.14009885489940643
0.9855937361717224
0.05120429769158363
0.028988782316446304
0.9847972989082336
0.9887747764587402
0.9830169081687927
0.3055082857608795
0.8401786088943481
0.7144196629524231
0.056971725076436996
0.9798807501792908
0.5835267901420593
0.9855930209159851
0.019656389951705933
0.14351455867290497
0.13910821080207825
0.9887511134147644
0.973365306854248
0.11848131567239761
0.1046166867017746
0.9825412631034851
0.9879088997840881
0.01793086715042591
0.2619817554950714
0.025040335953235626
0.9894627928733826
0.05304393917322159
0.9703473448753357
0.045012466609478
0.3528839647769928
0.9842187762260437
0.1974237710237503
0.15336720645427704
0.9843258261680603
0.3359811305999756
0.48502227663993835
0.9865643978118896
0.04588594660162926
0.9284197688102722
0.9863228797912598
0.0636776015162468
0.19026242196559906
0.3194514811038971
0.9507073163986206
0.5244799852371216
0.05666590854525566
0.404253751039505
0.9820660948753357
0.9871042966842651
0.9853678345680237
0.9340677857398987
0.21798764169216156
0.9872790575027466
0.07521632313728333
0.06810086220502853
0.1508549302816391
0.9875795245170593
0.07765975594520569
0.044687915593385696
0.408888578414917
0.11732076108455658
0.9872281551361084
0.8757464289665222
0.5103431344032288
0.9705538749694824
0.20892095565795898
0.9775264263153076
0.6092095375061035
0.11597294360399246
0.37823930382728577
0.10274860262870789
0.020053114742040634
0.9800454378128052
0.03690043464303017
0.4107411801815033
0.8911264538764954
0.0380665622651577
0.9592146277427673
0.9431864619255066
0.04361887276172638
0.9818791747093201
0.9873892068862915
0.9848551154136658
0.033101558685302734
0.437576025724411
0.05533156916499138
0.056013837456703186
0.9770414233207703
0.03825623542070389
0.15664935111999512
0.8161638379096985
0.9853211045265198
0.9889711737632751
0.03223525360226631
0.9838513731956482
0.028671812266111374
0.5343713760375977
0.1595594435930252
0.9829419255256653
0.3048320710659027
0.9867211580276489
0.9850174784660339
0.9862136244773865
0.05573924630880356
0.0241151824593544
0.025457408279180527
0.10885462164878845
0.12208528816699982
0.9839237332344055
0.03714742511510849
0.10691343247890472
0.07245985418558121
0.6403451561927795
0.928178071975708
0.9842919111251831
0.07208199054002762
0.9844040274620056
0.03831892088055611
0.6268050074577332
0.20265792310237885
0.03321769833564758
0.987040102481842
0.042773909866809845
0.0803266391158104
0.04863720014691353
0.040897198021411896
0.9842804670333862
0.9574314951896667
0.03375816345214844
0.13197201490402222
0.059680577367544174
0.07539286464452744
0.05493843927979469
0.9850903749465942
0.8294052481651306
0.988126277923584
0.037941474467515945
0.9830051064491272
0.3830009996891022
0.774069607257843
0.042252067476511
0.8069686889648438
0.5181854963302612
0.9749100804328918
0.13717439770698547
0.24093635380268097
0.06601382046937943
0.040540292859077454
0.5557657480239868
0.26756182312965393
0.06730799376964569
0.03645719587802887
0.9394844770431519
0.12849968671798706
0.1871795803308487
0.9857450127601624
0.08009752631187439
0.988157331943512
0.2186564952135086
0.1492731124162674
0.980229377746582
0.9858394265174866
0.9841481447219849
0.9874441027641296
0.06870447844266891
0.4345806837081909
0.040815722197294235
0.31552717089653015
0.036279093474149704
0.30907461047172546
0.04237399622797966
0.04728202894330025
0.984107255935669
0.06486984342336655
0.9817959666252136
0.06956315785646439
0.035263556987047195
0.07881546765565872
0.11763779819011688
0.9733136892318726
0.05371196195483208
0.19725508987903595
0.988084614276886
0.055294957011938095
0.35047250986099243
0.0726604014635086
0.06745926290750504
0.26336854696273804
0.9860251545906067
0.17156854271888733
0.11019115895032883
0.23357446491718292
0.7621151208877563
0.05755700543522835
0.9652109742164612
0.7994012832641602
0.032931383699178696
0.029170602560043335
0.0917014479637146
0.0754232183098793
0.9793072938919067
0.7761464715003967
0.9886308908462524
0.2073892503976822
0.9816662669181824
0.9860532879829407
0.15908733010292053
0.1442936509847641
0.043959133327007294
0.02462429739534855
0.041942305862903595
0.9855358600616455
0.3015824556350708
0.11377564817667007
0.025787701830267906
0.9844881296157837
0.10126440227031708
0.13980574905872345
0.4212625324726105
0.9039344787597656
0.16590411961078644
0.9778738617897034
0.9829460382461548
0.0202480535954237
0.054897744208574295
0.702842652797699
0.9866353869438171
0.05246648192405701
0.9877063632011414
0.02541380375623703
0.0907469168305397
0.09997287392616272
0.1517772674560547
0.15304650366306305
0.6229422688484192
0.8426245450973511
0.02463810332119465
0.8985961675643921
0.21025316417217255
0.05296368524432182
0.1171380802989006
0.8324505686759949
0.9832867383956909
0.13750077784061432
0.04614439234137535
0.5574901700019836
0.03800193965435028
0.08085431158542633
0.9845390915870667
0.38386619091033936
0.9843234419822693
0.023719774559140205
0.9897992610931396
0.13963833451271057
0.9842947721481323
0.4593904912471771
0.9876388311386108
0.03868081048130989
0.022723887115716934
0.9812300205230713
0.0942712351679802
0.44936221837997437
0.3271951973438263
0.9819523692131042
0.06354252249002457
0.7693629860877991
0.971571683883667
0.037627436220645905
0.062186773866415024
0.08607187867164612
0.025196906179189682
0.0424857921898365
0.05459292232990265
0.7213555574417114
0.046340491622686386
0.04396546259522438
0.05070347338914871
0.044881243258714676
0.8790583610534668
0.4216553866863251
0.3304888904094696
0.06784690916538239
0.9867954254150391
0.9709897041320801
0.04244203492999077
0.9860839247703552
0.9840213656425476
0.9838189482688904
0.40819257497787476
0.4475460350513458
0.7997556328773499
0.0679749846458435
0.9824749827384949
0.9849366545677185
0.6880213022232056
0.471609890460968
0.3252306580543518
0.7686523795127869
0.04329129680991173
0.16592980921268463
0.9874588251113892
0.058549366891384125
0.9835528135299683
0.4436906576156616
0.14394639432430267
0.8127317428588867
0.4442848861217499
0.07950937747955322
0.14533419907093048
0.9877752065658569
0.3453541398048401
0.09459623694419861
0.9850139021873474
0.9849469661712646
0.9843389987945557
0.05739051103591919
0.7978694438934326
0.4759722352027893
0.03985900059342384
0.03966143727302551
0.031096894294023514
0.03175351396203041
0.9871404767036438
0.03600502014160156
0.8492721319198608
0.023861613124608994
0.033157456666231155
0.9840102791786194
0.06860446184873581
0.9844345450401306
0.024166295304894447
0.2948682904243469
0.9878612160682678
0.06911946833133698
0.9869835376739502
0.4570833444595337
0.07645363360643387
0.9358766674995422
0.053495436906814575
0.27792754769325256
0.08074568957090378
0.13067123293876648
0.7111520171165466
0.9853940010070801
0.9736894369125366
0.0567263588309288
0.8301940560340881
0.9839926362037659
0.0451023206114769
0.6603333353996277
0.9692548513412476
0.9830785393714905
0.03680788353085518
0.0524405911564827
0.9831618070602417
0.9856328964233398
0.0847083032131195
0.03380709886550903
0.907447099685669
0.9712841510772705
0.2990696132183075
0.9875067472457886
0.037780508399009705
0.9847521185874939
0.6374316811561584
0.02080541104078293
0.9851755499839783
0.061164386570453644
0.9857127666473389
0.04238634556531906
0.9878671169281006
0.9871090650558472
0.039525825530290604
0.18015757203102112
0.04909773916006088
0.03878176584839821
0.9863635897636414
0.9873234629631042
0.6775302290916443
0.9874881505966187
0.9856292605400085
0.9334861636161804
0.02478816919028759
0.030887125059962273
0.9862334728240967
0.3072000741958618
0.03979160264134407
0.985823392868042
0.06682088226079941
0.986771285533905
0.721221387386322
0.048934221267700195
0.27458715438842773
0.03999747708439827
0.02882043831050396
0.06299272179603577
0.04164700582623482
0.09819882363080978
0.9858302474021912
0.4601964056491852
0.5479574799537659
0.9858430027961731
0.9810155630111694
0.03671804070472717
0.10836169868707657
0.9847908616065979
0.05055532976984978
0.4960438013076782
0.9847016334533691
0.9397643208503723
0.12364918738603592
0.09056016802787781
0.9433456659317017
0.023288842290639877
0.3161809742450714
0.06303763389587402
0.07134323567152023
0.03508930280804634
0.9837499260902405
0.9865179657936096
0.9855870008468628
0.2690907120704651
0.03274014592170715
0.3936166763305664
0.9875764846801758
0.10598459839820862
0.5160835981369019
0.750467836856842
0.9877963066101074
0.864453911781311
0.045856162905693054
0.6779444217681885
0.9850408434867859
0.09790386259555817
0.18457484245300293
0.9859905242919922
0.986063539981842
0.03523292765021324
0.9859853982925415
0.287571519613266
0.9865115880966187
0.9850741624832153
0.02463177777826786
0.07260365039110184
0.03376854956150055
0.051485154777765274
0.049950964748859406
0.9376739859580994
0.21101996302604675
0.983791708946228
0.9855793714523315
0.043328989297151566
0.9819337725639343
0.9851550459861755
0.9802733659744263
0.528445839881897
0.08009901642799377
0.6660763621330261
0.9824944138526917
0.7633539438247681
0.04197577387094498
0.6613308787345886
0.7700618505477905
0.054709821939468384
0.9797979593276978
0.09272008389234543
0.03438880667090416
0.20051048696041107
0.0390537865459919
0.06751155853271484
0.9836799502372742
0.9835379719734192
0.2768291234970093
0.10182537138462067
0.05843695253133774
0.31787198781967163
0.0318027138710022
0.9857996702194214
0.03889479860663414
0.9853894114494324
0.9840519428253174
0.5561563968658447
0.9857116341590881
0.13152457773685455
0.06201990321278572
0.9880843758583069
0.1500091254711151
0.04466978833079338
0.0639408528804779
0.5610767602920532
0.013030641712248325
0.027035677805542946
0.9852569699287415
0.9804303050041199
0.9831127524375916
0.982853889465332
0.9862716197967529
0.9815517067909241
0.05364975705742836
0.9889197945594788
0.5207305550575256
0.5687147974967957
0.9655157923698425
0.10951157659292221
0.0751509815454483
0.9850866794586182
0.021356895565986633
0.985711395740509
0.04131918400526047
0.13468974828720093
0.09761977940797806
0.6033836603164673
0.039194364100694656
0.9882434010505676
0.04118204116821289
0.39255833625793457
0.12975679337978363
0.9741762280464172
0.9789271950721741
0.028891196474432945
0.9854798913002014
0.030747000128030777
0.9469374418258667
0.9881995916366577
0.06373801082372665
0.024053463712334633
0.1242339015007019
0.07327068597078323
0.051274701952934265
0.7920223474502563
0.9862365126609802
0.9815428853034973
0.7576740980148315
0.984681248664856
0.9850554466247559
0.44636815786361694
0.12158867716789246
0.9828264117240906
0.9841337203979492
0.19252263009548187
0.03677745535969734
0.11010473966598511
0.9835981726646423
0.9865169525146484
0.08797386288642883
0.04570592939853668
0.09646230936050415
0.20764704048633575
0.04864434152841568
0.030631672590970993
0.9881821274757385
0.9859446287155151
0.986935555934906
0.0481291264295578
0.0402071475982666
0.6221690773963928
0.07084687054157257
0.3924885392189026
0.026027590036392212
0.12478765845298767
0.9860068559646606
0.9487676620483398
0.12576943635940552
0.9828656315803528
0.38094252347946167
0.9846683144569397
0.9812994599342346
0.8302544355392456
0.9869731068611145
0.5651393532752991
0.08217962086200714
0.8797428011894226
0.028588997200131416
0.9878308176994324
0.21593323349952698
0.031244831159710884
0.5363729000091553
0.9834063053131104
0.04368427395820618
0.050440575927495956
0.48013240098953247
0.17856769263744354
0.0262850821018219
0.07101714611053467
