0.006041
0.031031
0.967555
0.977223
0.999737
0.007172
0.000556
0.999496
0.999650
0.001176
0.000890
0.958275
0.953984
0.036315
0.002467
0.993996
0.001280
0.825216
0.001213
0.000502
0.014236
0.999483
0.000297
0.984845
0.000209
0.002293
0.999401
0.008286
0.515504
0.981952
0.001276
0.007588
0.999775
0.000583
0.999384
0.999726
0.002003
0.452485
0.997493
0.001006
0.998461
0.994858
0.121742
0.795342
0.015846
0.002911
0.000302
0.907645
0.000401
0.010618
0.000750
0.990578
0.000401
0.004219
0.963154
0.998277
0.999388
0.994393
0.999637
0.173113
0.000506
0.998681
0.000971
0.994276
0.999650
0.924583
0.004161
0.000450
0.000502
0.999005
0.999650
0.535189
0.998283
0.001686
0.002487
0.995136
0.860774
0.001445
0.997448
0.998259
0.007986
0.516830
0.998786
0.995632
0.999480
0.999650
0.999525
0.002731
0.000644
0.998670
0.002924
0.000214
0.527812
0.970987
0.947083
0.003196
0.999749
0.001223
0.969671
0.078860
0.999720
0.000518
0.001202
0.876534
0.969157
0.486069
0.976584
0.932141
0.999467
0.999720
0.948438
0.002954
0.036434
0.970967
0.000534
0.963904
0.004784
0.000401
0.014545
0.039427
0.000266
0.853491
0.000023
0.998938
0.004589
0.997369
0.013960
0.971749
0.998884
0.000399
0.981893
0.963766
0.999578
0.999471
0.724448
0.419361
0.001273
0.000988
0.904298
0.999537
0.013389
0.994029
0.997971
0.000709
0.014702
0.812021
0.033420
0.005980
0.000145
0.999624
0.000182
0.775344
0.998628
0.000764
0.000661
0.000310
0.999705
0.017218
0.999659
0.999377
0.985612
0.994739
0.001482
0.034904
0.993637
0.996448
0.996907
0.937845
0.003229
0.011771
0.907129
0.038589
0.230803
0.903786
0.999726
0.999114
0.999759
0.004052
0.001805
0.992569
0.050169
0.023812
0.996871
0.000744
0.000296
0.968744
0.004933
0.892294
0.991016
0.051871
0.001093
0.974268
0.756661
0.913840
0.854412
0.957267
0.482472
0.052004
0.017334
0.999705
0.997749
0.999117
0.000138
0.993225
0.159323
0.006632
0.002721
0.000519
0.996152
0.410078
0.197664
0.000409
0.998401
0.692787
0.999517
0.256720
0.857284
0.983515
0.003199
0.999811
0.956036
0.999705
0.999743
0.019431
0.999662
0.999624
0.999626
0.000326
0.001391
0.999793
0.984420
0.931585
0.001337
0.994011
0.840447
0.008678
0.400422
0.001850
0.885210
0.999731
0.993026
0.061942
0.000145
0.013822
0.000259
0.014817
0.000450
0.000364
0.824592
0.998520
0.986077
0.999576
0.005102
0.000530
0.861570
0.251673
0.002234
0.997852
0.969647
0.999656
0.869404
0.000583
0.001180
0.022841
0.002832
0.605560
0.909345
0.160290
0.106902
0.626873
0.006234
0.998022
0.943359
0.995660
0.023688
0.002311
0.229261
0.196935
0.715842
0.000289
0.999208
0.010682
0.897558
0.999726
0.015629
0.001236
0.000161
0.001047
0.999805
0.008108
0.999525
0.070909
0.743246
0.999650
0.228978
0.860702
0.467114
0.999650
0.990362
0.976663
0.999592
0.751834
0.999210
0.038823
0.000214
0.017459
0.006057
0.997422
0.000984
0.998105
0.988937
0.000984
0.000709
0.403773
0.000103
0.010192
0.957552
0.000817
0.004920
0.000106
0.999592
0.000423
0.994594
0.994943
0.040470
0.001031
0.999775
0.026019
0.007588
0.323233
0.998531
0.996992
0.003055
0.002318
0.004633
0.021875
0.000401
0.000760
0.013086
0.999650
0.001317
0.000955
0.999069
0.982177
0.999654
0.912343
0.000401
0.933975
0.001748
0.955644
0.571077
0.005734
0.999603
0.000126
0.997230
0.000760
0.003923
0.004924
0.997990
0.990279
0.001752
0.999463
0.001236
0.954177
0.104733
0.000760
0.003783
0.148626
0.044595
0.999758
0.020790
0.234816
0.000095
0.016331
0.177121
0.042940
0.999565
0.989796
0.996159
0.002625
0.999555
0.123204
0.999656
0.999607
0.999650
0.986577
0.998956
0.995399
0.000308
0.000106
0.990292
0.003566
0.114075
0.001895
0.999650
0.878192
0.997349
0.002547
0.999726
0.001008
0.477626
0.999644
0.999254
0.000272
0.149125
0.999130
0.000444
0.998311
0.997745
0.999707
0.001817
0.999463
0.997935
0.101899
0.999659
0.995399
0.911233
0.010558
0.997140
0.999427
0.904962
0.489635
0.788204
0.988879
0.020727
0.029054
0.250081
0.000399
0.001475
0.016012
0.980716
0.007684
0.999650
0.499480
0.001423
0.864298
0.074873
0.994581
0.000583
0.004161
0.000073
0.999585
0.999592
0.994601
0.009753
0.004646
0.002894
0.999610
0.362718
0.408905
0.996448
0.036715
0.011261
0.006326
0.000388
0.000604
0.995200
0.123765
0.825742
0.997678
0.001662
0.990259
0.997880
0.001432
0.999654
0.550475
0.015122
0.967605
0.000586
0.016818
0.001207
0.040485
0.997835
0.558530
0.826646
0.021032
0.983117
0.004885
0.996664
0.980725
0.998787
0.010091
0.999720
0.986587
0.000955
0.001707
0.000760
0.694786
0.291879
0.003194
0.997088
0.992407
0.019916
0.027969
0.790046
0.224628
0.097815
0.005404
0.999637
0.001098
0.194921
0.998571
0.000451
0.003191
0.000203
0.998870
0.822269
0.013255
0.998420
0.005827
0.116906
0.012836
0.998879
0.050690
0.999720
0.004143
0.973644
0.314222
0.007246
0.000311
0.000583
0.002035
0.962534
0.967094
0.084836
0.326002
0.998926
0.000310
0.002469
0.042087
0.014707
0.999659
0.000336
0.998876
0.999665
0.891453
0.996311
0.000439
0.184887
0.000175
0.989995
0.144748
0.999366
0.012066
0.007599
0.821506
0.817273
0.000238
0.994943
0.048964
0.004180
0.001088
0.002160
0.021003
0.993517
0.033836
0.000627
0.927569
0.273451
0.219613
0.077562
0.004410
0.007290
0.998298
0.989059
0.984659
0.006661
0.999525
0.738591
0.999650
0.000347
0.140797
0.007932
0.305299
0.999650
0.945912
0.000182
0.002056
0.989811
0.999720
0.999688
0.004128
0.977141
0.938371
0.000310
0.997524
0.999434
0.002899
0.002902
0.042761
0.992020
0.971012
0.998155
0.000245
0.058588
0.017888
0.000498
0.999719
0.001008
0.999581
0.002510
0.090041
0.881997
0.005088
0.994032
0.550613
0.990346
0.998401
0.002155
0.998705
0.986693
0.001813
0.814395
0.074354
0.990632
0.000311
0.997688
0.002872
0.039066
0.163139
0.999471
0.033066
0.993922
0.974790
0.000095
0.000208
0.000250
0.999333
0.000105
0.009895
0.004595
0.994477
0.036238
0.000138
0.947920
0.999650
0.999394
0.998670
0.980325
0.999626
0.397619
0.000284
0.993208
0.000364
0.683469
0.997189
0.100051
0.000451
0.000214
0.886809
0.000395
0.000164
0.504810
0.998747
0.999737
0.000858
0.771403
0.002432
0.930862
0.357143
0.997789
0.001317
0.000540
0.034884
0.003783
0.977354
0.999539
0.899490
0.993941
0.999243
0.000169
0.994948
0.000424
0.000208
0.997880
0.994100
0.000398
0.866455
0.975632
0.975220
0.005276
0.010104
0.009353
0.018508
0.000401
0.001740
0.999665
0.988699
0.968449
0.001698
0.000176
0.999517
0.060364
0.999633
0.000179
0.993532
0.012581
0.014452
0.999379
0.982622
0.002990
0.999511
0.000565
0.129048
0.996715
0.998717
0.119968
0.581445
0.999707
0.000583
0.966939
0.997640
0.104987
0.000368
0.983950
0.979216
0.016619
0.997230
0.000760
0.003097
0.000716
0.007221
0.000233
0.001621
0.999480
0.371398
0.003169
0.014505
0.998330
0.998881
0.059403
0.215413
0.994096
0.011138
0.994839
0.001321
0.999793
0.000616
0.000401
0.007429
0.999125
0.998533
0.000450
0.991347
0.999726
0.975472
0.008735
0.979515
0.960212
0.998735
0.196504
0.000731
0.997655
0.002376
0.999007
0.976704
0.041741
0.001374
0.001441
0.999707
0.968857
0.000530
0.945325
0.000798
0.843957
0.003531
0.998326
0.997921
0.995618
0.101517
0.001769
0.999633
0.999165
0.889376
0.999600
0.001275
0.987501
0.000433
0.996524
0.998961
0.022909
0.000602
0.990304
0.999771
0.000948
0.742072
0.999357
0.995856
0.003059
0.000610
0.000273
0.023060
0.942820
0.999689
0.997672
0.999420
0.001674
0.501532
0.915049
0.999482
0.023065
0.085935
0.993176
0.999481
0.977376
0.176710
0.001936
0.007497
0.003068
0.087301
0.999547
0.005743
0.998715
0.014777
0.005276
0.996231
0.000673
0.016388
0.260289
0.711593
0.999394
0.999650
0.999738
0.003175
0.002200
0.985520
0.070915
0.001582
0.001878
0.995390
0.998966
0.003103
0.738064
0.999513
0.003957
0.028539
0.997096
0.002822
0.094950
0.991199
0.999642
0.993362
0.028065
0.089182
0.999766
0.999600
0.168449
0.045486
0.999316
0.001785
0.999829
0.003083
0.981852
0.999738
0.999738
0.999600
0.997967
0.999766
0.996542
0.025088
0.999748
0.074615
0.001650
0.000779
0.000366
0.999738
0.013915
0.999357
0.000162
0.991023
0.999555
0.000949
0.002679
0.999766
0.081630
0.092889
0.980180
0.016558
0.999738
0.001378
0.609658
0.999611
0.999879
0.000779
0.002971
0.999121
0.998468
0.955005
0.000670
0.999330
0.963105
0.999842
0.997622
0.012544
0.999738
0.001350
0.825393
0.569726
0.999600
0.000781
0.008270
0.455555
0.000856
0.141704
0.028565
0.279946
0.001713
0.999738
0.197960
0.001054
0.927590
0.000583
0.005482
0.983599
0.999369
0.007417
0.098000
0.999481
0.999796
0.000518
0.979618
0.011876
0.002800
0.999600
0.998521
0.012897
0.999600
0.283919
0.003349
0.011616
0.070602
0.001078
0.998745
0.999738
0.005425
0.999047
0.000714
0.108747
0.013611
0.001396
0.998821
0.988685
0.052023
0.003273
0.999738
0.999738
0.026415
0.999766
0.999364
0.542880
0.003916
0.015379
0.999458
0.000547
0.999600
0.999600
0.999661
0.085179
0.027848
0.015693
0.999107
0.000186
0.205715
0.014323
0.003410
0.999647
0.998021
0.004136
0.804276
0.000451
0.991004
0.184985
0.999248
0.996297
0.999766
0.016533
0.000437
0.999521
0.004450
0.021002
0.011110
0.011657
0.993667
0.676799
0.030077
0.023558
0.000837
0.076557
0.998588
0.999600
0.000309
0.001532
0.943841
0.708757
0.129408
0.807175
0.000471
0.022430
0.999600
0.219328
0.001713
0.999738
0.011931
0.788164
0.001021
0.999383
0.009167
0.976617
0.286938
0.979529
0.017400
0.019004
0.000636
0.999738
0.062153
0.002680
0.999738
0.018000
0.011449
0.000611
0.005793
0.999738
0.835134
0.017887
0.019218
0.000200
0.005312
0.999771
0.205786
0.017243
0.999738
0.002905
0.006337
0.028759
0.059401
0.936709
0.001456
0.116006
0.999738
0.001745
0.384598
0.999738
0.999738
0.999116
0.004163
0.998967
0.019556
0.285927
0.999232
0.998411
0.000195
0.999642
0.999260
0.005316
0.004606
0.992187
0.062414
0.997256
0.001546
0.995419
0.956118
0.490868
0.090150
0.999600
0.999762
0.029992
0.578228
0.998821
0.966517
0.000819
0.992710
0.999183
0.000239
0.972060
0.052965
0.004023
0.003202
0.001774
0.999399
0.999687
0.995035
0.136199
0.000900
0.000328
0.999383
0.002222
0.999288
0.999482
0.004504
0.124426
0.999738
0.097310
0.997791
0.972933
0.001898
0.999738
0.998836
0.999738
0.004198
0.001176
0.003932
0.999766
0.999536
0.999738
0.006563
0.153974
0.007624
0.007439
0.083306
0.000657
0.999600
0.000463
0.999725
0.354415
0.004862
0.001983
0.996588
0.978344
0.059844
0.816669
0.045951
0.056694
0.625005
0.011131
0.009370
0.054034
0.999738
0.999600
0.996712
0.001746
0.037415
0.428336
0.999523
0.000076
0.356906
0.002572
0.000306
0.993040
0.003870
0.021000
0.999766
0.008880
0.999545
0.012807
0.044508
0.002587
0.999738
0.013948
0.004342
0.016559
0.997805
0.999620
0.999364
0.004355
0.002918
0.009185
0.007011
0.004345
0.999600
0.023336
0.999640
0.997132
0.780457
0.000163
0.000548
0.999600
0.000309
0.966901
0.990608
0.050486
0.999854
0.003314
0.715108
0.000252
0.003278
0.789312
0.999408
0.971431
0.001203
0.999738
0.001414
0.989814
0.002148
0.999766
0.002929
0.000404
0.008177
0.004818
0.001642
0.000134
0.005589
0.692252
0.003868
0.994979
0.006238
0.000580
0.000786
0.964886
0.000140
0.999600
0.999600
0.000090
0.953990
0.999642
0.018483
0.246624
0.011799
0.433198
0.999600
0.000611
0.008220
0.000651
0.164843
0.000206
0.999536
0.993284
0.068523
0.999770
0.998301
0.978631
0.000451
0.001756
0.996936
0.999198
0.039129
0.012138
0.100095
0.000199
0.994014
0.999738
0.014884
0.035541
0.009998
0.997716
0.999542
0.999766
0.000559
0.010408
0.980264
0.999432
0.999521
0.000867
0.973509
0.999321
0.999481
0.996971
0.999587
0.999600
0.999738
0.999725
0.993943
0.019328
0.793840
0.679403
0.999118
0.895848
0.999793
0.001730
0.960178
0.956471
0.072040
0.095403
0.990825
0.000262
0.999089
0.966843
0.986259
0.980533
0.006298
0.000756
0.002052
0.035915
0.999536
0.022877
0.007149
0.999738
0.668255
0.074728
0.993535
0.052668
0.953031
0.999769
0.999719
0.986807
0.003218
0.000716
0.000893
0.999600
0.369213
0.719471
0.998973
0.157657
0.998419
0.994226
0.034972
0.027330
0.001773
0.002126
0.921139
0.999738
0.003739
0.999099
0.999562
0.999400
0.999571
0.997107
0.999738
0.999481
0.999475
0.069346
0.998626
0.298597
0.007017
0.998949
0.009092
0.949328
0.006488
0.992738
0.004539
0.579208
0.002696
0.999738
0.002225
0.000582
0.901670
0.999746
0.999641
0.002171
0.999028
0.999642
0.999738
0.999536
0.004813
0.816663
0.260366
0.000547
0.999738
0.999611
0.000088
0.999382
0.000336
0.078644
0.999600
0.044109
0.017673
0.828767
0.014975
0.021592
0.536245
0.993095
0.774203
0.001143
0.991350
0.999738
0.937501
0.992205
0.114326
0.999766
0.014312
0.003103
0.999495
0.805359
0.001318
0.004017
0.000713
0.000476
0.999757
0.990158
0.344189
0.017594
0.000444
0.007139
0.000576
0.131572
0.016715
0.003017
0.999738
0.998910
0.300067
0.999091
0.000306
0.000283
0.999682
0.999738
0.001753
0.998734
0.000283
0.001377
0.999738
0.999766
0.776853
0.977737
0.919558
0.000408
0.012263
0.999738
0.998436
0.953315
0.998588
0.179507
0.967749
0.999607
0.006953
0.002917
0.000591
0.996188
0.999357
0.054235
0.268705
0.993235
0.000145
0.000750
0.002634
0.986269
0.971093
0.831764
0.021034
0.998604
0.009197
0.007146
0.252662
0.993298
0.998419
0.000461
0.778518
0.000245
0.996812
0.994004
0.999766
0.999600
0.999490
0.000121
0.041625
0.999600
0.000337
0.000578
0.999719
0.001087
0.006980
0.715541
0.001755
0.999766
0.999415
0.999328
0.987757
0.999600
0.041001
0.000111
0.007567
0.004123
0.000882
0.013993
0.852089
0.999091
0.431444
0.974759
0.999536
0.001743
0.019498
0.989940
0.998437
0.118295
0.973305
0.003127
0.013253
0.913707
0.000758
0.996803
0.999600
0.004727
0.006187
0.443376
0.001819
0.002144
0.956541
0.010884
0.999600
0.742844
0.013900
0.979124
0.050183
0.999326
0.019836
0.937265
0.981602
0.001120
0.999738
0.995008
0.999738
0.000314
0.000307
0.203528
0.026262
0.999461
0.515923
0.999033
0.995831
0.014961
0.999596
0.000655
0.000779
0.999738
0.012723
0.348525
0.999481
0.013018
0.002128
0.002361
0.015714
0.448270
0.999600
0.027259
0.000047
0.000147
0.028617
0.557432
0.001659
0.001670
0.006977
0.038797
0.891166
0.999766
0.999738
0.002996
0.003578
0.006986
0.014885
0.000278
0.794821
0.000636
0.968891
0.009111
0.000214
0.999089
0.984763
0.992562
0.987186
0.357367
0.997025
0.997200
0.965824
0.760745
0.025031
0.025037
0.908287
0.987269
0.939770
0.621757
0.096484
0.012762
0.038591
0.966447
0.368106
0.993049
0.924820
0.994505
0.926279
0.001229
0.800935
0.023303
0.017612
0.765902
0.000918
0.489489
0.915150
0.228380
0.003237
0.225204
0.911228
0.989116
0.550946
0.934243
0.992562
0.760007
0.012010
0.102322
0.194277
0.002965
0.975925
0.033078
0.997934
0.000518
0.101834
0.001840
0.018434
0.005244
0.004976
0.003489
0.954754
0.187258
0.013788
0.980038
0.964771
0.969563
0.136873
0.002873
0.003164
0.012654
0.963808
0.997326
0.007003
0.974488
0.087326
0.002493
0.420053
0.644418
0.976138
0.959900
0.002678
0.974108
0.003225
0.205295
0.987601
0.003550
0.000616
0.983328
0.933794
0.045964
0.970902
0.001527
0.015401
0.954634
0.816481
0.994324
0.953332
0.906394
0.219081
0.972117
0.280907
0.105082
0.359424
0.994505
0.622311
0.924820
0.079607
0.700839
0.916739
0.004399
0.910697
0.967134
0.911840
0.997895
0.234219
0.871093
0.993049
0.000964
0.811464
0.001310
0.994709
0.722053
0.959643
0.933137
0.383421
0.027110
0.929089
0.056748
0.005672
0.002927
0.992562
0.953320
0.004062
0.985259
0.003904
0.948670
0.004500
0.997326
0.013125
0.006665
0.768952
0.970235
0.059425
0.005755
0.010435
0.674804
0.001289
0.929436
0.004576
0.967665
0.001736
0.014665
0.957524
0.001023
0.004356
0.005927
0.853523
0.067135
0.757903
0.678053
0.486755
0.963821
0.958617
0.064191
0.064360
0.914354
0.002673
0.809294
0.948619
0.952259
0.998473
0.940291
0.860573
0.950970
0.081376
0.000830
0.013200
0.004062
0.130419
0.844306
0.976868
0.008986
0.997468
0.397538
0.996473
0.029017
0.354105
0.936585
0.842923
0.708583
0.034192
0.966447
0.978606
0.956605
0.066105
0.532489
0.938431
0.089022
0.388819
0.628163
0.005970
0.994624
0.992100
0.064902
0.924820
0.964466
0.978097
0.040866
0.707646
0.006199
0.469862
0.002013
0.004285
0.927760
0.856184
0.002114
0.093698
0.988423
0.005737
0.005274
0.997168
0.100787
0.011998
0.403376
0.011279
0.873747
0.971242
0.633618
0.493337
0.131099
0.007440
0.288725
0.001320
0.002662
0.004436
0.976270
0.001179
0.970174
0.948876
0.993895
0.676715
0.996031
0.999553
0.986164
0.004062
0.961095
0.024617
0.838903
0.704378
0.397534
0.993538
0.296155
0.584136
0.001610
0.942268
0.975925
0.002157
0.003967
0.929774
0.752656
0.025847
0.503755
0.002502
0.029081
0.017150
0.003909
0.935718
0.992220
0.981546
0.971335
0.446323
0.001685
0.100776
0.142267
0.977422
0.992500
0.702249
0.996031
0.840179
0.997934
0.927666
0.555561
0.989349
0.994505
0.002184
0.996031
0.402831
0.040401
0.980120
0.008756
0.869271
0.996031
0.936243
0.006632
0.110572
0.020090
0.969676
0.010800
0.990226
0.002114
0.004217
0.975925
0.033395
0.452441
0.008507
0.963172
0.992562
0.972941
0.272034
0.961724
0.992562
0.473106
0.996031
0.613508
0.725802
0.996031
0.124006
0.997934
0.018542
0.006054
0.005672
0.001944
0.003094
0.005792
0.260453
0.001844
0.042222
0.924381
0.933485
0.993835
0.238680
0.012443
0.000949
0.968679
0.015508
0.878547
0.002338
0.811016
0.937853
0.975361
0.918420
0.028637
0.002707
0.487510
0.012315
0.003640
0.002664
0.951098
0.992562
0.015219
0.013256
0.803685
0.089954
0.364749
0.994866
0.572038
0.987601
0.945564
0.641616
0.914123
0.005927
0.976277
0.005966
0.031887
0.001551
0.160286
0.002595
0.995003
0.012503
0.974783
0.747083
0.930817
0.001574
0.016578
0.076207
0.997934
0.531148
0.167850
0.965143
0.009200
0.880262
0.029192
0.134278
0.004102
0.111145
0.009508
0.978314
0.002431
0.009177
0.004957
0.974901
0.969520
0.074516
0.358148
0.984520
0.306947
0.004913
0.984836
0.985343
0.274471
0.983042
0.985522
0.999760
0.787586
0.943306
0.009594
0.996031
0.123059
0.010682
0.117075
0.767752
0.969330
0.503406
0.239909
0.967371
0.976868
0.979676
0.010531
0.993515
0.983548
0.003695
0.179565
0.994624
0.644859
0.994624
0.054288
0.954942
0.798408
0.320868
0.980038
0.927115
0.001894
0.931632
0.277455
0.136863
0.864262
0.997934
0.481978
0.910992
0.965143
0.930026
0.008269
0.611384
0.059526
0.803627
0.941144
0.976079
0.815943
0.064182
0.007432
0.974181
0.001586
0.725073
0.125401
0.009042
0.133816
0.996031
0.979412
0.003209
0.983557
0.979601
0.944882
0.104052
0.994866
0.921835
0.992100
0.997398
0.002267
0.169158
0.256791
0.785134
0.055003
0.021715
0.955803
0.001009
0.963316
0.003353
0.991952
0.924550
0.958871
0.843838
0.850727
0.003280
0.797697
0.997990
0.010299
0.010828
0.965582
0.002812
0.984138
0.753383
0.030674
0.991343
0.798853
0.914137
0.016963
0.994505
0.900464
0.057719
0.471297
0.428841
0.564261
0.004062
0.026871
0.014303
0.032153
0.994505
0.214191
0.131421
0.000820
0.187683
0.998531
0.004062
0.001347
0.766808
0.003012
0.013109
0.819136
0.026187
0.005361
0.673521
0.996031
0.995492
0.062500
0.992562
0.999321
0.008704
0.001113
0.009318
0.742890
0.943614
0.985343
0.334938
0.013630
0.994290
0.029770
0.004942
0.008587
0.006032
0.225858
0.130289
0.069526
0.010531
0.769898
0.003833
0.644859
0.007253
0.001380
0.046609
0.003501
0.825751
0.980819
0.997326
0.049325
0.013915
0.996848
0.180345
0.207342
0.967611
0.875825
0.983956
0.880255
0.004974
0.402343
0.001555
0.887405
0.001799
0.967611
0.917022
0.004248
0.969676
0.985447
0.007348
0.961311
0.995003
0.917102
0.030396
0.710059
0.476564
0.042684
0.014888
0.308656
0.997326
0.964798
0.994581
0.997934
0.000747
0.114378
0.917102
0.047670
0.931678
0.010696
0.261272
0.010864
0.018166
0.093871
0.994652
0.950509
0.126272
0.007314
0.004014
0.000686
0.010123
0.914739
0.844035
0.180485
0.228417
0.270123
0.950019
0.020432
0.951716
0.983099
0.997934
0.996031
0.380247
0.001514
0.004329
0.022666
0.029709
0.009425
0.016881
0.995131
0.968174
0.950602
0.982707
0.997934
0.819389
0.374952
0.009137
0.017068
0.978934
0.037653
0.996162
0.004755
0.631483
0.939953
0.931632
0.002139
0.797975
0.024803
0.565689
0.985636
0.004268
0.031887
0.003826
0.011333
0.003231
0.988492
0.816855
0.922012
0.003001
0.088756
0.845903
0.075407
0.201736
0.001947
0.033015
0.063371
0.992562
0.937853
0.322409
0.012349
0.005667
0.816791
0.826613
0.334538
0.741738
0.996031
0.984438
0.589107
0.004062
0.004431
0.992875
0.996031
0.020577
0.993049
0.003702
0.000741
0.980325
0.078291
0.979781
0.005029
0.002715
0.002907
0.940718
0.954902
0.005016
0.936003
0.004533
0.993895
0.994505
0.768071
0.258891
0.020792
0.003444
0.000756
0.998592
0.777557
0.075471
0.846195
0.910352
0.974378
0.001810
0.001669
0.312422
0.994505
0.994624
0.444295
0.993846
0.997934
0.011044
0.994624
0.997200
0.953937
0.994505
0.014758
0.004062
0.998152
0.148691
0.001321
0.009834
0.001879
0.004884
0.009823
0.013026
0.965030
0.076365
0.323676
0.971200
0.001238
0.091701
0.050907
0.960434
0.003958
0.999424
0.987324
0.019553
0.014872
0.974746
0.008029
0.998093
0.979232
0.004406
0.564972
0.078328
0.000620
0.044041
0.969454
0.962482
0.375211
0.058715
0.899459
0.002065
0.997990
0.991436
0.689718
0.978606
0.172621
0.002295
0.631031
0.002177
0.997934
0.846577
0.003111
0.997990
0.005005
0.904353
0.991336
0.967145
0.853726
0.994624
0.219448
0.001036
0.981271
0.818283
0.013483
0.998967
0.999118
0.997211
0.011965
0.004577
0.996060
0.974096
0.002327
0.001520
0.000461
0.812646
0.005642
0.997211
0.003135
0.000475
0.997631
0.904067
0.010717
0.537582
0.163838
0.973622
0.919978
0.823119
0.998967
0.005933
0.002308
0.740536
0.998105
0.999467
0.997151
0.995628
0.005291
0.002982
0.011572
0.019757
0.281402
0.025679
0.604938
0.997211
0.998967
0.997580
0.001417
0.993909
0.989368
0.050738
0.029503
0.996673
0.417928
0.161302
0.751289
0.001106
0.587982
0.114105
0.994563
0.999304
0.120013
0.991814
0.847027
0.020000
0.177551
0.997151
0.925807
0.997151
0.226409
0.029429
0.997921
0.999403
0.006567
0.914255
0.065849
0.040488
0.995381
0.997211
0.997728
0.995628
0.955346
0.000369
0.949191
0.011799
0.952868
0.720663
0.996247
0.230433
0.090690
0.002743
0.013437
0.931684
0.999275
0.065379
0.961323
0.972900
0.956295
0.013495
0.128857
0.984791
0.000466
0.073479
0.277824
0.553194
0.000701
0.010922
0.276187
0.025449
0.770816
0.938956
0.997211
0.995628
0.002989
0.011329
0.996014
0.232019
0.041173
0.194227
0.005151
0.951092
0.405656
0.994563
0.975359
0.018401
0.133341
0.997151
0.002832
0.999005
0.997248
0.000545
0.001369
0.997838
0.999098
0.000381
0.997394
0.003869
0.991806
0.977620
0.995628
0.995628
0.997151
0.993125
0.015255
0.000542
0.902173
0.999279
0.340997
0.148614
0.103831
0.993105
0.999362
0.997211
0.014822
0.944861
0.778588
0.001598
0.000912
0.997881
0.996673
0.029170
0.011193
0.997151
0.015435
0.997211
0.004243
0.000489
0.002848
0.909740
0.007655
0.014848
0.000564
0.999115
0.900558
0.002576
0.505939
0.994563
0.999523
0.999134
0.999362
0.996009
0.997211
0.999048
0.744063
0.002619
0.996673
0.009283
0.007753
0.058358
0.002929
0.985125
0.032860
0.998458
0.999362
0.999431
0.599885
0.000479
0.997580
0.987698
0.998523
0.009163
0.999483
0.909037
0.931051
0.918780
0.996334
0.007374
0.267677
0.999391
0.246564
0.996673
0.002790
0.005338
0.985817
0.003206
0.020793
0.002033
0.001198
0.997151
0.999381
0.990967
0.898328
0.996597
0.998574
0.033741
0.006738
0.996316
0.002684
0.005882
0.993497
0.999115
0.092621
0.126370
0.997211
0.018892
0.965223
0.052508
0.003342
0.996673
0.008171
0.969909
0.937659
0.998997
0.997151
0.968753
0.167370
0.618469
0.998222
0.996673
0.004148
0.989512
0.517028
0.999105
0.021514
0.998458
0.904932
0.014877
0.027282
0.996673
0.002380
0.001424
0.044749
0.997151
0.991559
0.341444
0.816262
0.003708
0.000771
0.748817
0.997151
0.007876
0.016042
0.361400
0.000519
0.997211
0.001476
0.996657
0.996673
0.328194
0.996721
0.001853
0.995313
0.014990
0.003009
0.738068
0.997211
0.996800
0.006291
0.950294
0.001807
0.963498
0.003671
0.027423
0.996673
0.001808
0.050245
0.998633
0.031566
0.995628
0.877132
0.002066
0.617324
0.026745
0.976387
0.990885
0.993484
0.008430
0.997211
0.006307
0.001685
0.083686
0.002493
0.996673
0.011896
0.908137
0.629307
0.000404
0.044306
0.999042
0.008407
0.928705
0.016345
0.997211
0.070624
0.962068
0.994563
0.004402
0.997151
0.977254
0.003319
0.008761
0.971195
0.994475
0.008799
0.902139
0.997211
0.494016
0.015811
0.675332
0.000461
0.331609
0.000492
0.024761
0.002164
0.996673
0.976115
0.998967
0.003859
0.019159
0.629322
0.045417
0.870864
0.996334
0.996255
0.996673
0.004322
0.000653
0.030715
0.792424
0.991768
0.008276
0.997211
0.998967
0.998996
0.996266
0.730146
0.013978
0.996334
0.124070
0.004635
0.004416
0.998071
0.609241
0.990269
0.997351
0.997722
0.778677
0.115990
0.997863
0.994563
0.016421
0.001782
0.997631
0.006707
0.048127
0.838632
0.944024
0.061122
0.000869
0.077184
0.993461
0.021664
0.012031
0.960794
0.003280
0.997151
0.016102
0.009714
0.006418
0.998105
0.325499
0.997211
0.000388
0.106766
0.997211
0.065290
0.712669
0.997151
0.998945
0.999387
0.999134
0.997151
0.013246
0.999239
0.007199
0.987414
0.004644
0.997151
0.999251
0.002753
0.030048
0.647283
0.640483
0.768443
0.891563
0.994563
0.101216
0.994563
0.001966
0.011886
0.009998
0.000875
0.015098
0.998522
0.647671
0.050684
0.019552
0.002572
0.862570
0.977254
0.318818
0.997049
0.997211
0.997211
0.739602
0.998635
0.000883
0.202576
0.704156
0.000707
0.996673
0.713957
0.997151
0.775713
0.863787
0.131575
0.002512
0.997211
0.100388
0.998105
0.046226
0.999083
0.997820
0.278922
0.709185
0.052735
0.013638
0.003950
0.559759
0.998105
0.013039
0.998855
0.997338
0.996324
0.003365
0.492589
0.001597
0.997986
0.005689
0.002508
0.999362
0.998718
0.999239
0.319052
0.004429
0.829225
0.017899
0.998105
0.004831
0.985092
0.997151
0.996551
0.997179
0.909362
0.223044
0.001157
0.998054
0.002781
0.996673
0.998698
0.004986
0.020763
0.997151
0.001673
0.999007
0.996673
0.915956
0.053477
0.004082
0.999022
0.007276
0.992201
0.030168
0.007160
0.988012
0.137924
0.740017
0.999112
0.039142
0.995202
0.003813
0.564229
0.001950
0.125149
0.005270
0.995610
0.002258
0.006809
0.999194
0.892390
0.006430
0.997151
0.009434
0.012737
0.999412
0.001299
0.004898
0.981629
0.996673
0.999529
0.009282
0.971155
0.998547
0.665356
0.054719
0.977749
0.001186
0.702232
0.865426
0.997895
0.429014
0.129554
0.317164
0.999083
0.998841
0.001225
0.998105
0.996673
0.873101
0.999134
0.997631
0.416016
0.006458
0.996085
0.999501
0.993256
0.996673
0.998766
0.005087
0.043268
0.997151
0.074664
0.848460
0.993174
0.754593
0.005552
0.995430
0.000259
0.002819
0.096831
0.002615
0.997151
0.996334
0.946373
0.007494
0.066893
0.999348
0.005707
0.185200
0.040152
0.996255
0.993766
0.000472
0.997405
0.997151
0.003989
0.997580
0.218875
0.008475
0.997151
0.002328
0.180681
0.000365
0.938088
0.946991
0.971513
0.999115
0.998309
0.007017
0.835859
0.999456
0.003379
0.485037
0.998105
0.017537
0.998909
0.997151
0.025238
0.006308
0.973760
0.008850
0.987020
0.997211
0.020054
0.993784
0.769463
0.995032
0.002220
0.999467
0.003197
0.007549
0.998105
0.989303
0.002279
0.975604
0.995628
0.997151
0.823371
0.034706
0.040739
0.998429
0.999362
0.166667
0.997631
0.000917
0.001090
0.975567
0.996334
0.002129
0.995381
0.006952
0.000793
0.934603
0.001231
0.934482
0.007706
0.053026
0.667976
0.989938
0.026496
0.992252
0.992248
0.960128
0.998967
0.996102
0.003829
0.014766
0.010025
0.999236
0.301191
0.262191
0.997151
0.000547
0.998676
0.001229
0.096649
0.907835
0.002509
0.900849
0.012692
0.996891
0.999133
0.886456
0.029732
0.379321
0.210114
0.020631
0.997791
0.988650
0.003059
0.997211
0.996673
0.998105
0.006837
0.075638
0.998105
0.008904
0.996673
0.997211
0.024939
0.780477
0.996673
0.997151
0.998105
0.001295
0.018494
0.945602
0.674143
0.001418
0.492824
0.998859
0.000237
0.839772
0.001430
0.001545
0.989683
0.986739
0.999412
0.010708
0.000896
0.955260
0.200774
0.995964
0.026106
0.026929
0.003954
0.000649
0.996583
0.013363
0.001013
0.008339
0.994627
0.042037
0.018715
0.030331
0.969134
0.984313
0.952357
0.004760
0.045923
0.995925
0.004990
0.153316
0.242477
0.997211
0.994970
0.997211
0.000562
0.999470
0.002844
0.006997
0.869321
0.697278
0.865100
0.173832
0.969177
0.030445
0.997580
0.989831
0.974644
0.988376
0.997151
0.999015
0.003391
0.001038
0.996450
0.004942
0.022776
0.034551
0.017410
0.012067
0.999483
0.003664
0.464052
0.145291
0.008738
0.819662
0.009916
0.813037
0.990695
0.012767
0.013937
0.013085
0.997115
0.019725
0.004378
0.922740
0.002609
0.993145
0.001124
0.381319
0.996689
0.999000
0.324817
0.002351
0.708464
0.005476
0.981341
0.009725
0.999911
0.034651
0.963339
0.999041
0.001579
0.604268
0.384148
0.990498
0.295574
0.002316
0.981341
0.001107
0.998891
0.067252
0.328893
0.002035
0.999498
0.047014
0.190427
0.981688
0.010062
0.001290
0.021357
0.983734
0.001166
0.000601
0.997803
0.008719
0.611486
0.999762
0.985925
0.011102
0.006869
0.038756
0.980292
0.199416
0.059453
0.010752
0.006394
0.994259
0.999041
0.048349
0.061620
0.998437
0.415853
0.067705
0.001581
0.004566
0.042407
0.005796
0.000802
0.048593
0.892406
0.999275
0.999940
0.008005
0.996961
0.998621
0.999905
0.998968
0.860701
0.999883
0.006308
0.042669
0.932613
0.001531
0.995624
0.995981
0.994962
0.149190
0.127163
0.999770
0.486180
0.999363
0.000557
0.999363
0.007257
0.002758
0.028978
0.834063
0.999897
0.991912
0.082461
0.025766
0.731322
0.133566
0.012084
0.998238
0.039475
0.018794
0.070216
0.004559
0.180235
0.997115
0.036580
0.999202
0.001299
0.989503
0.998115
0.012587
0.999774
0.006812
0.465036
0.986559
0.999905
0.006275
0.966898
0.999930
0.063898
0.002130
0.999867
0.999883
0.044267
0.994446
0.990498
0.016695
0.999082
0.015079
0.160916
0.036626
0.998943
0.519827
0.999853
0.025946
0.038229
0.297073
0.996961
0.982588
0.999549
0.010268
0.999774
0.994936
0.999631
0.019500
0.994082
0.002648
0.828433
0.999774
0.997831
0.002393
0.001465
0.999037
0.998405
0.005891
0.964343
0.894156
0.999873
0.997792
0.880861
0.999476
0.008455
0.993565
0.437140
0.016662
0.999774
0.977594
0.996697
0.632884
0.807158
0.444769
0.874795
0.994679
0.276944
0.999363
0.005309
0.011363
0.014443
0.999873
0.999459
0.057288
0.001252
0.562390
0.996843
0.003493
0.637345
0.000666
0.999820
0.004013
0.984027
0.783784
0.137419
0.999307
0.233485
0.053247
0.996765
0.705007
0.047126
0.997026
0.004004
0.998113
0.999082
0.005430
0.935558
0.946977
0.998610
0.162422
0.004557
0.424547
0.998173
0.998918
0.999082
0.998420
0.002737
0.999754
0.004655
0.013842
0.915536
0.996284
0.016825
0.014707
0.015498
0.078831
0.998020
0.978551
0.581283
0.999713
0.005743
0.900315
0.120211
0.048540
0.013952
0.003581
0.003248
0.965606
0.022949
0.322112
0.984417
0.023294
0.997902
0.991577
0.033977
0.996361
0.994259
0.999864
0.102115
0.170082
0.006840
0.038008
0.988542
0.003110
0.742346
0.661719
0.999599
0.999013
0.001567
0.980645
0.008398
0.035836
0.004273
0.999290
0.056383
0.971650
0.994082
0.978930
0.013833
0.000626
0.000299
0.000891
0.591136
0.990498
0.003136
0.084881
0.012958
0.453378
0.998588
0.999883
0.004656
0.998674
0.021795
0.761455
0.072758
0.009556
0.999938
0.001295
0.004146
0.001697
0.100629
0.995382
0.939113
0.001290
0.518624
0.000644
0.007234
0.014881
0.999216
0.869369
0.999905
0.048064
0.998619
0.415087
0.979189
0.008989
0.737907
0.001540
0.999567
0.075759
0.799869
0.004796
0.659338
0.347217
0.012679
0.005901
0.005250
0.984176
0.002833
0.478742
0.999774
0.026708
0.999774
0.000491
0.867962
0.993403
0.998111
0.999435
0.984054
0.049865
0.211817
0.080446
0.133685
0.080678
0.022764
0.249246
0.002702
0.999951
0.458594
0.998752
0.014305
0.004546
0.007421
0.001500
0.999787
0.035693
0.145237
0.980620
0.071883
0.931152
0.003072
0.001836
0.955911
0.994259
0.955609
0.005858
0.944644
0.836571
0.013913
0.987795
0.885749
0.005681
0.020591
0.068091
0.001758
0.989114
0.024768
0.999938
0.019665
0.994903
0.995100
0.049657
0.044073
0.056404
0.000591
0.057707
0.999947
0.645125
0.002556
0.000172
0.999947
0.028405
0.062275
0.162897
0.998966
0.957795
0.921859
0.999549
0.002193
0.106226
0.023793
0.999883
0.016517
0.985365
0.007942
0.003380
0.012479
0.003828
0.305551
0.017314
0.873799
0.001030
0.975639
0.094031
0.400804
0.001241
0.784584
0.998621
0.073786
0.010971
0.953921
0.002113
0.057103
0.974420
0.528466
0.997026
0.003121
0.998238
0.003463
0.999711
0.507010
0.999774
0.013710
0.001407
0.951040
0.022507
0.606237
0.017387
0.966077
0.014546
0.964891
0.999813
0.000366
0.020029
0.003806
0.000836
0.018456
0.008442
0.509580
0.085381
0.004858
0.040831
0.027692
0.970055
0.184910
0.112523
0.002400
0.999883
0.987816
0.009295
0.999947
0.999774
0.999750
0.113611
0.024713
0.894680
0.001188
0.974511
0.994082
0.891674
0.195605
0.016537
0.504090
0.267631
0.125148
0.999853
0.006017
0.999355
0.116839
0.015520
0.004935
0.104306
0.082228
0.871318
0.996029
0.581605
0.031863
0.996961
0.992651
0.999883
0.006708
0.362724
0.021746
0.048976
0.464601
0.142096
0.022949
0.948517
0.083907
0.974545
0.003121
0.175543
0.999883
0.126985
0.997970
0.001441
0.365535
0.999719
0.019915
0.999198
0.321794
0.008709
0.999702
0.020369
0.010176
0.095017
0.023335
0.143525
0.999093
0.999876
0.119578
0.373629
0.999925
0.004793
0.340892
0.995745
0.982238
0.005274
0.003852
0.930084
0.999951
0.709110
0.001227
0.996926
0.999023
0.008051
0.990248
0.003676
0.999391
0.395608
0.003561
0.999857
0.003592
0.999358
0.001925
0.997026
0.996695
0.013681
0.715145
0.007162
0.001026
0.989055
0.998577
0.600368
0.999514
0.999883
0.999697
0.001120
0.008991
0.999883
0.014318
0.035223
0.998231
0.000384
0.999857
0.915710
0.473198
0.890702
0.002842
0.062933
0.002157
0.008503
0.513134
0.999723
0.498137
0.450221
0.999674
0.982133
0.006923
0.018126
0.996800
0.007762
0.940508
0.997845
0.984429
0.001308
0.001805
0.997230
0.000247
0.906846
0.623194
0.017092
0.005036
0.999853
0.999362
0.999306
0.248817
0.019941
0.615750
0.999774
0.006526
0.949844
0.021876
0.998896
0.975917
0.636184
0.174795
0.999857
0.030979
0.069885
0.999213
0.994082
0.008742
0.999905
0.006652
0.998238
0.995718
0.067635
0.034678
0.017471
0.000737
0.008737
0.986914
0.047084
0.985507
0.903127
0.001188
0.998433
0.999938
0.562737
0.007713
0.005406
0.725289
0.995268
0.536000
0.004105
0.764960
0.987030
0.574338
0.994210
0.009105
0.001565
0.020239
0.000782
0.497665
0.993715
0.995052
0.043624
0.005890
0.000861
0.616853
0.008520
0.958174
0.003803
0.997308
0.999156
0.971298
0.968389
0.001489
0.003683
0.999883
0.024317
0.001446
0.018154
0.010255
0.001522
0.010442
0.999951
0.999707
0.999903
0.994089
0.999774
0.998561
0.052963
0.999723
0.889357
0.355870
0.988313
0.006431
0.594191
0.999883
0.004539
0.978215
0.002218
0.016625
0.013109
0.061355
0.004097
0.999905
0.003607
0.043468
0.932963
0.990386
0.981736
0.001252
0.997536
0.010057
0.991625
0.999883
0.001404
0.006571
0.294057
0.004938
0.575774
0.970613
0.992373
0.999591
0.859803
0.999629
0.999737
0.485453
0.003184
0.997863
0.999644
0.793058
0.002370
0.237432
0.999905
0.818392
0.007111
0.006169
0.011470
0.141676
0.001307
0.001237
0.998926
0.945374
0.999723
0.049156
0.001238
0.905957
0.001532
0.025474
0.001153
0.005817
0.999938
0.997047
0.659665
0.986765
0.719552
0.999930
0.980416
0.891440
0.998472
0.019826
0.325872
0.990801
0.011855
0.999905
0.022046
0.011372
0.542959
0.996219
0.011247
0.040502
0.377666
0.011363
0.004861
0.741834