0.104299
0.072917
0.947029
0.966082
0.972470
0.040927
0.057558
0.971749
0.972594
0.032043
0.036867
0.581551
0.810787
0.040423
0.041589
0.946255
0.035951
0.966624
0.031825
0.037840
0.036176
0.972522
0.032120
0.958760
0.031679
0.095810
0.971937
0.033794
0.865155
0.968747
0.030189
0.050454
0.972593
0.029412
0.972483
0.972613
0.032405
0.470174
0.970972
0.061110
0.968083
0.970199
0.043145
0.802906
0.112981
0.033304
0.030446
0.924290
0.029676
0.103163
0.030732
0.972590
0.029450
0.041921
0.967335
0.970439
0.972310
0.969474
0.971274
0.566665
0.030870
0.968855
0.030126
0.972505
0.972539
0.796111
0.031795
0.030101
0.031925
0.971342
0.972631
0.369285
0.971804
0.031547
0.031945
0.972330
0.552752
0.030778
0.957001
0.965321
0.038217
0.810445
0.908789
0.972378
0.972543
0.972601
0.972480
0.043689
0.050109
0.969430
0.047625
0.029867
0.118019
0.952502
0.437162
0.039262
0.972417
0.031051
0.969905
0.098120
0.972218
0.030204
0.042018
0.930619
0.939577
0.853322
0.929156
0.914753
0.971362
0.972162
0.963513
0.039994
0.186823
0.962623
0.033016
0.964901
0.093481
0.029881
0.048981
0.102480
0.030257
0.942278
0.042060
0.969783
0.059863
0.970804
0.040759
0.928550
0.971648
0.030105
0.892063
0.963079
0.971862
0.972494
0.873159
0.214283
0.039395
0.031568
0.896152
0.972289
0.118145
0.972012
0.965190
0.030079
0.041171
0.926689
0.032550
0.037643
0.030762
0.971607
0.031262
0.700084
0.966409
0.035799
0.064530
0.029596
0.971853
0.116800
0.972290
0.972185
0.960770
0.971081
0.030467
0.279290
0.968717
0.972441
0.970434
0.943468
0.032176
0.068657
0.920969
0.390243
0.135085
0.970024
0.972596
0.971968
0.972202
0.083774
0.039651
0.972620
0.035897
0.085359
0.969381
0.031833
0.030938
0.968707
0.053250
0.948429
0.968880
0.032835
0.036580
0.964198
0.793531
0.761325
0.827006
0.967963
0.112990
0.493049
0.040923
0.972565
0.972265
0.972216
0.030263
0.967734
0.077560
0.176976
0.039505
0.031326
0.971564
0.582212
0.061938
0.030708
0.964984
0.841708
0.972095
0.145471
0.963259
0.923815
0.032290
0.971999
0.940011
0.971884
0.972611
0.226675
0.972030
0.971468
0.972401
0.030641
0.037613
0.972439
0.970496
0.922327
0.030281
0.964413
0.958006
0.073577
0.206134
0.038129
0.967754
0.972054
0.964613
0.201899
0.031838
0.038245
0.031955
0.054440
0.030688
0.034192
0.795916
0.971998
0.940242
0.971031
0.041634
0.030298
0.956423
0.138267
0.036376
0.970724
0.927471
0.972367
0.364167
0.029622
0.031681
0.088203
0.032187
0.310964
0.948428
0.348665
0.137909
0.129919
0.033538
0.968189
0.969129
0.972521
0.036375
0.039138
0.900858
0.093614
0.953932
0.030449
0.972117
0.067260
0.859694
0.972588
0.289799
0.030247
0.033990
0.037993
0.972378
0.038559
0.972487
0.202582
0.697485
0.972594
0.616957
0.865292
0.260786
0.972608
0.970473
0.970480
0.972535
0.734859
0.971192
0.258380
0.029910
0.072058
0.044526
0.971141
0.030526
0.971945
0.922566
0.030703
0.029728
0.421600
0.030089
0.058300
0.907297
0.036238
0.033986
0.030337
0.972520
0.032172
0.969356
0.972495
0.033302
0.034263
0.972594
0.049221
0.037121
0.389986
0.971994
0.971759
0.071923
0.039899
0.037814
0.034189
0.029186
0.030592
0.048007
0.972575
0.034725
0.031168
0.972056
0.944175
0.972149
0.968827
0.029581
0.713329
0.032038
0.619075
0.934821
0.087707
0.972488
0.038711
0.967752
0.031230
0.039756
0.032387
0.960296
0.970405
0.037141
0.972363
0.030831
0.951347
0.132904
0.030730
0.034178
0.087731
0.036002
0.971483
0.041881
0.231415
0.029816
0.057651
0.136588
0.072948
0.972011
0.970604
0.972299
0.058253
0.971044
0.180462
0.972547
0.971091
0.972626
0.972548
0.970399
0.972561
0.030595
0.030441
0.972557
0.031536
0.053958
0.051452
0.972618
0.765859
0.971100
0.036601
0.972551
0.099059
0.149433
0.972543
0.972466
0.032229
0.050215
0.972374
0.031420
0.971507
0.969383
0.971669
0.031410
0.972381
0.971786
0.348519
0.972248
0.972586
0.852323
0.064316
0.972428
0.969475
0.946550
0.920915
0.654055
0.968783
0.184570
0.034824
0.161226
0.030090
0.034301
0.045470
0.954948
0.051426
0.972587
0.226395
0.032422
0.846158
0.253619
0.970446
0.029569
0.030954
0.029784
0.972671
0.972505
0.971329
0.041579
0.034095
0.036142
0.972400
0.152382
0.098031
0.972438
0.060364
0.071243
0.032023
0.031836
0.033202
0.969826
0.093415
0.969055
0.939696
0.054108
0.967927
0.972088
0.034642
0.972076
0.500000
0.032852
0.957736
0.030921
0.092318
0.030998
0.052678
0.972300
0.392664
0.652349
0.038653
0.952295
0.153970
0.970414
0.871598
0.972459
0.056001
0.972265
0.968845
0.030498
0.043886
0.030916
0.866302
0.571639
0.056372
0.972071
0.949921
0.033852
0.159321
0.079041
0.276513
0.087804
0.041228
0.971277
0.030248
0.158547
0.921821
0.029809
0.034253
0.030724
0.972273
0.950033
0.076162
0.972230
0.033822
0.536893
0.035871
0.969882
0.060412
0.972126
0.047387
0.940041
0.544991
0.068814
0.030487
0.029525
0.043521
0.959523
0.962931
0.077158
0.741001
0.971888
0.029436
0.049472
0.050056
0.040388
0.972290
0.032281
0.971713
0.972488
0.959166
0.972433
0.031992
0.634445
0.030994
0.972557
0.099637
0.971749
0.047431
0.037900
0.895694
0.541490
0.032321
0.972446
0.157660
0.059494
0.030803
0.031649
0.036890
0.964502
0.062496
0.032759
0.958983
0.445124
0.234585
0.045534
0.139532
0.052419
0.971704
0.961171
0.957549
0.034665
0.972414
0.950870
0.972538
0.033773
0.108764
0.102171
0.194421
0.972640
0.948043
0.030662
0.041899
0.970408
0.972133
0.971701
0.045583
0.943313
0.791001
0.029697
0.964043
0.966711
0.038762
0.033597
0.170183
0.951735
0.908940
0.972122
0.033076
0.069115
0.041041
0.030993
0.970741
0.032574
0.971977
0.048612
0.125012
0.936532
0.043271
0.967255
0.856507
0.946278
0.972148
0.044876
0.972250
0.970892
0.031065
0.609910
0.245928
0.951750
0.029733
0.967867
0.030105
0.044427
0.402435
0.972628
0.036072
0.972362
0.970414
0.029707
0.029384
0.033478
0.970199
0.038775
0.040635
0.040878
0.924092
0.064084
0.030114
0.967788
0.972623
0.972442
0.971428
0.959126
0.972307
0.557076
0.029902
0.967062
0.030356
0.849903
0.971128
0.343650
0.030099
0.030419
0.694771
0.038492
0.031844
0.798801
0.959573
0.972435
0.032525
0.540815
0.049367
0.907091
0.535859
0.969635
0.031037
0.032869
0.148416
0.037210
0.938475
0.972487
0.931305
0.972139
0.972293
0.034428
0.967707
0.030370
0.029714
0.972137
0.970197
0.033357
0.902307
0.951607
0.956517
0.060891
0.044544
0.079892
0.048676
0.029356
0.036755
0.972040
0.970406
0.961772
0.036143
0.030214
0.972517
0.088122
0.972419
0.030576
0.962889
0.036020
0.033179
0.971157
0.954196
0.069351
0.971309
0.030684
0.391721
0.959984
0.972422
0.158289
0.558348
0.972302
0.029998
0.924411
0.972216
0.126095
0.029828
0.965895
0.915614
0.078761
0.970930
0.031841
0.050471
0.031573
0.044409
0.029953
0.035548
0.972496
0.627029
0.035759
0.041187
0.971025
0.972360
0.096951
0.104909
0.970124
0.047491
0.971143
0.035627
0.972389
0.030891
0.029383
0.092705
0.972069
0.971110
0.029792
0.972476
0.972592
0.905167
0.060721
0.962906
0.946506
0.970905
0.105260
0.032724
0.972460
0.035166
0.972107
0.959845
0.032647
0.031989
0.080245
0.971615
0.966046
0.030534
0.938112
0.030655
0.773178
0.035267
0.972241
0.972287
0.930988
0.033479
0.032133
0.967535
0.970443
0.887600
0.972383
0.032322
0.964997
0.033920
0.968601
0.963210
0.038463
0.035737
0.950244
0.972108
0.032424
0.626627
0.972015
0.965474
0.034931
0.048319
0.032859
0.141747
0.195881
0.972905
0.966827
0.971727
0.037241
0.575353
0.969039
0.972348
0.031722
0.209229
0.961702
0.971890
0.931475
0.473505
0.035579
0.038484
0.053435
0.670977
0.971410
0.045682
0.969809
0.036995
0.040734
0.961543
0.030964
0.195431
0.114595
0.857200
0.971720
0.972320
0.971946
0.031817
0.054867
0.969643
0.031779
0.044590
0.065257
0.962086
0.972244
0.370968
0.571747
0.971097
0.032000
0.036490
0.967852
0.034195
0.520848
0.966071
0.972408
0.966621
0.030209
0.045271
0.971574
0.972940
0.254949
0.298750
0.972979
0.031130
0.971273
0.043435
0.969976
0.972666
0.972091
0.972822
0.967142
0.972576
0.970859
0.088041
0.971625
0.102067
0.038212
0.030775
0.035953
0.972543
0.030828
0.972001
0.032407
0.783517
0.972696
0.042301
0.041372
0.972475
0.030090
0.066842
0.835951
0.030569
0.972783
0.036447
0.420484
0.972064
0.969275
0.030806
0.039685
0.970763
0.968795
0.870450
0.030541
0.967650
0.914115
0.969960
0.961363
0.039249
0.972134
0.030109
0.378527
0.515850
0.973108
0.032327
0.060276
0.200823
0.040899
0.178797
0.036684
0.646399
0.030401
0.972119
0.643122
0.036926
0.952012
0.031064
0.039446
0.461073
0.970379
0.036800
0.067588
0.971056
0.972122
0.044796
0.883257
0.034886
0.046993
0.973092
0.972832
0.037276
0.973178
0.461616
0.033575
0.068398
0.069014
0.033090
0.964913
0.971759
0.045062
0.971132
0.039579
0.030445
0.038068
0.031877
0.972721
0.527033
0.034323
0.035551
0.972174
0.972525
0.037178
0.972373
0.971842
0.898090
0.034461
0.048966
0.972076
0.032741
0.972142
0.972641
0.971662
0.083048
0.054662
0.032108
0.972957
0.032687
0.071913
0.038230
0.039702
0.970659
0.935179
0.033786
0.955941
0.035680
0.966263
0.162495
0.971148
0.963627
0.972054
0.079593
0.040175
0.972528
0.031360
0.116939
0.040873
0.035897
0.959567
0.777030
0.034619
0.064016
0.029779
0.030720
0.973087
0.972697
0.031391
0.035785
0.925027
0.542189
0.079798
0.318630
0.032278
0.033159
0.972537
0.485826
0.030351
0.972779
0.030779
0.383451
0.035351
0.973140
0.040093
0.959792
0.484810
0.969895
0.060429
0.040325
0.033583
0.972696
0.072816
0.034528
0.972186
0.040759
0.054698
0.030044
0.044625
0.971687
0.955454
0.030467
0.508207
0.037221
0.051876
0.971501
0.311659
0.030095
0.971977
0.100844
0.030749
0.031227
0.416903
0.827961
0.033432
0.382872
0.972618
0.031725
0.917241
0.971917
0.972263
0.972951
0.063180
0.971479
0.035733
0.462581
0.907310
0.967215
0.037862
0.972546
0.964032
0.045452
0.060250
0.661494
0.273090
0.966900
0.030913
0.906849
0.784194
0.651963
0.029920
0.972648
0.970112
0.033189
0.655641
0.972042
0.970239
0.047835
0.951708
0.965998
0.035236
0.883064
0.046671
0.038936
0.033603
0.054560
0.971769
0.972312
0.960415
0.089915
0.038208
0.031793
0.972605
0.037955
0.957252
0.972079
0.045973
0.086387
0.972584
0.046072
0.971343
0.969859
0.037059
0.972832
0.967050
0.972731
0.033188
0.035114
0.034717
0.972362
0.971591
0.972319
0.049063
0.031118
0.035094
0.036311
0.062115
0.039187
0.972471
0.034701
0.972112
0.390363
0.041194
0.037628
0.851392
0.963708
0.075685
0.931979
0.072704
0.029860
0.074446
0.030970
0.030570
0.129495
0.971807
0.972513
0.968427
0.048175
0.063505
0.061816
0.964769
0.031183
0.200929
0.030869
0.031462
0.964340
0.036525
0.082894
0.971975
0.033365
0.970556
0.113788
0.094873
0.045923
0.972247
0.038483
0.051728
0.034361
0.969919
0.972280
0.972372
0.032270
0.058811
0.034604
0.031943
0.035577
0.972591
0.043443
0.970933
0.969227
0.944417
0.031145
0.030979
0.973089
0.035482
0.970175
0.939706
0.362618
0.971837
0.041414
0.839204
0.033028
0.042481
0.883924
0.972081
0.412695
0.034040
0.972191
0.034851
0.773629
0.031938
0.972195
0.033271
0.036849
0.047121
0.037210
0.030681
0.037551
0.036292
0.701976
0.031102
0.887617
0.044988
0.035106
0.033899
0.890699
0.032329
0.972608
0.972681
0.038118
0.836541
0.972704
0.064115
0.092948
0.034401
0.562515
0.972023
0.030027
0.039169
0.058950
0.530513
0.035111
0.971117
0.931572
0.060596
0.961943
0.971193
0.491966
0.036693
0.050468
0.934875
0.972832
0.081014
0.033030
0.031837
0.032624
0.967522
0.972656
0.038209
0.216293
0.030558
0.907321
0.972291
0.971962
0.032745
0.039748
0.968440
0.969888
0.972354
0.032564
0.935779
0.972345
0.971727
0.963724
0.972533
0.972438
0.972752
0.971149
0.957331
0.058389
0.880481
0.913385
0.970652
0.959762
0.972559
0.033665
0.926048
0.966575
0.059478
0.052884
0.969563
0.031589
0.972801
0.935845
0.947258
0.961471
0.045318
0.032039
0.056634
0.045424
0.972189
0.038653
0.045321
0.972151
0.842686
0.056070
0.751596
0.131903
0.949184
0.971190
0.972224
0.960697
0.032029
0.050560
0.046591
0.972569
0.251075
0.419512
0.933390
0.032461
0.972877
0.970339
0.036414
0.056094
0.035318
0.030529
0.838837
0.972386
0.030327
0.971516
0.971672
0.972722
0.971713
0.955702
0.972443
0.971999
0.972196
0.071449
0.972344
0.366536
0.036543
0.972170
0.043639
0.669418
0.033596
0.918383
0.103348
0.510184
0.033063
0.972502
0.038016
0.034394
0.970631
0.972047
0.954309
0.040184
0.972977
0.973185
0.971874
0.971265
0.031058
0.876460
0.849022
0.033382
0.972235
0.972614
0.039402
0.971700
0.036019
0.461823
0.973013
0.040339
0.040455
0.791612
0.168523
0.081819
0.575756
0.964417
0.450290
0.030753
0.959708
0.972179
0.639697
0.969651
0.065005
0.972089
0.087038
0.052060
0.971475
0.255132
0.034863
0.044551
0.054402
0.031903
0.971069
0.969840
0.864729
0.085285
0.034166
0.039211
0.031036
0.030922
0.032408
0.036361
0.972398
0.968168
0.833846
0.971438
0.036409
0.031523
0.971673
0.971465
0.036945
0.959853
0.030446
0.034677
0.972720
0.972456
0.944949
0.730129
0.827579
0.032751
0.056189
0.971175
0.971372
0.835261
0.972934
0.033331
0.650734
0.972717
0.033536
0.039959
0.037332
0.610730
0.969747
0.031844
0.095434
0.968095
0.036463
0.030427
0.032799
0.950417
0.721001
0.591318
0.057188
0.960649
0.031234
0.037690
0.576831
0.969461
0.972952
0.031930
0.469245
0.030863
0.902136
0.968824
0.972025
0.972706
0.972987
0.030382
0.069776
0.972158
0.033726
0.031333
0.972262
0.036171
0.046958
0.920721
0.054716
0.972728
0.938952
0.971170
0.968821
0.972991
0.031912
0.036260
0.037625
0.038339
0.048767
0.040231
0.067258
0.970845
0.791191
0.932324
0.971539
0.032718
0.032758
0.941725
0.964315
0.060690
0.880588
0.054988
0.032193
0.880381
0.042936
0.963358
0.973066
0.033202
0.035931
0.107139
0.032803
0.031064
0.803463
0.384224
0.972611
0.949171
0.036276
0.728981
0.075793
0.971260
0.055820
0.538337
0.963444
0.034698
0.972566
0.965055
0.972340
0.030110
0.034209
0.148941
0.065513
0.971414
0.080378
0.971582
0.775836
0.032103
0.972420
0.030385
0.035932
0.972743
0.032206
0.121356
0.972147
0.037216
0.034815
0.045166
0.054179
0.428894
0.972988
0.044470
0.031371
0.031490
0.030387
0.309500
0.030678
0.043566
0.061557
0.035350
0.712119
0.972262
0.972473
0.051627
0.046121
0.033748
0.059750
0.033492
0.809221
0.031037
0.969726
0.038243
0.033513
0.972872
0.971301
0.972623
0.860047
0.068726
0.972406
0.972817
0.971593
0.953934
0.041018
0.051444
0.970699
0.815502
0.972458
0.898673
0.075318
0.036627
0.035943
0.972942
0.646165
0.972759
0.972725
0.972940
0.972931
0.040323
0.971279
0.057940
0.035912
0.181439
0.037403
0.640661
0.973113
0.050199
0.035079
0.083865
0.939820
0.864535
0.167836
0.970783
0.972464
0.970694
0.087704
0.070870
0.123835
0.047339
0.972900
0.043835
0.972990
0.035546
0.061670
0.038216
0.057876
0.036321
0.037227
0.037636
0.972204
0.091358
0.066751
0.971215
0.798959
0.972242
0.100437
0.035713
0.045171
0.039804
0.972972
0.972986
0.041618
0.757419
0.244896
0.037163
0.959613
0.971670
0.972889
0.904439
0.049943
0.972806
0.036584
0.112086
0.972895
0.038649
0.035083
0.971528
0.950483
0.056602
0.971848
0.035478
0.045953
0.972881
0.970327
0.971676
0.898479
0.927905
0.428059
0.972067
0.552408
0.046325
0.867526
0.972807
0.480742
0.972504
0.051713
0.953651
0.946593
0.047074
0.275170
0.948626
0.903468
0.963053
0.287323
0.966698
0.972852
0.039238
0.930756
0.035391
0.964089
0.967861
0.972628
0.972321
0.052882
0.144389
0.879453
0.056717
0.033552
0.033950
0.972534
0.931685
0.033437
0.970605
0.038244
0.955070
0.038083
0.973071
0.060217
0.034969
0.922932
0.971477
0.061383
0.033204
0.047170
0.930475
0.034750
0.972937
0.033503
0.972468
0.041685
0.041455
0.972595
0.036378
0.052804
0.035970
0.970973
0.098712
0.617837
0.454508
0.243170
0.972877
0.971685
0.119862
0.183936
0.972136
0.041244
0.399413
0.972867
0.971830
0.950502
0.972364
0.972676
0.972411
0.081572
0.042418
0.040407
0.033537
0.144585
0.971014
0.972183
0.038597
0.972226
0.465047
0.953981
0.037581
0.223473
0.972922
0.723562
0.969121
0.126298
0.972878
0.972737
0.971033
0.070428
0.078717
0.972667
0.123542
0.295103
0.042034
0.038471
0.972678
0.972302
0.069839
0.972547
0.972782
0.858772
0.038395
0.866601
0.037336
0.145538
0.033582
0.033632
0.967213
0.964035
0.035459
0.779230
0.941625
0.060575
0.034643
0.972587
0.041399
0.038214
0.920243
0.041349
0.969746
0.971299
0.840556
0.377499
0.076474
0.044009
0.159160
0.037507
0.039909
0.040320
0.972290
0.035164
0.792163
0.969424
0.972344
0.970323
0.972901
0.938845
0.950279
0.033264
0.972586
0.042527
0.968679
0.418726
0.323207
0.972025
0.109267
0.171471
0.034884
0.968348
0.973039
0.034022
0.041023
0.805348
0.480617
0.036605
0.107989
0.033851
0.045529
0.059751
0.035729
0.970063
0.971470
0.964215
0.965072
0.854135
0.034910
0.046981
0.133391
0.970288
0.966888
0.809204
0.972877
0.969614
0.973022
0.972343
0.921559
0.970736
0.972641
0.034815
0.972874
0.062906
0.042356
0.970232
0.033707
0.969103
0.972979
0.972006
0.037745
0.650271
0.124269
0.972010
0.038807
0.963945
0.034708
0.036393
0.972945
0.047561
0.054472
0.036372
0.971843
0.972546
0.969836
0.054662
0.939358
0.972480
0.108945
0.972878
0.970091
0.328438
0.972990
0.144189
0.973069
0.077671
0.045331
0.033428
0.034365
0.042979
0.040612
0.180198
0.038574
0.052081
0.719759
0.970324
0.961738
0.195263
0.040646
0.036366
0.971633
0.033316
0.969045
0.036181
0.921316
0.972870
0.937988
0.972526
0.034473
0.047074
0.777131
0.110247
0.043572
0.035958
0.924803
0.972349
0.035342
0.039962
0.657989
0.217762
0.127042
0.972811
0.177233
0.972793
0.946776
0.061943
0.971389
0.035976
0.968190
0.039100
0.033274
0.035690
0.354359
0.035371
0.972058
0.047598
0.219468
0.895256
0.972678
0.036615
0.036730
0.211610
0.973112
0.965914
0.293112
0.972506
0.055733
0.970211
0.035993
0.208213
0.040933
0.074783
0.034235
0.848214
0.042523
0.049143
0.045471
0.971750
0.972679
0.108670
0.968851
0.942425
0.359856
0.039209
0.948565
0.972955
0.099165
0.970574
0.971461
0.954451
0.965536
0.972865
0.038615
0.972838
0.218747
0.040630
0.661974
0.255747
0.972268
0.184007
0.045549
0.971598
0.972065
0.718820
0.033424
0.972084
0.972798
0.037674
0.075180
0.972759
0.966313
0.972859
0.096823
0.972321
0.202058
0.038833
0.971097
0.952774
0.034462
0.972457
0.089326
0.564538
0.970983
0.973024
0.488031
0.902719
0.972669
0.960618
0.045496
0.877554
0.045630
0.464085
0.972536
0.949117
0.857435
0.037187
0.035630
0.971362
0.035096
0.966759
0.043726
0.035494
0.096220
0.972987
0.972009
0.036656
0.883418
0.972363
0.973107
0.166745
0.972959
0.972399
0.972277
0.972224
0.043967
0.074057
0.157966
0.969530
0.053220
0.035320
0.972936
0.034915
0.972146
0.041376
0.963545
0.971691
0.969173
0.962876
0.963667
0.049406
0.965445
0.973147
0.042714
0.037057
0.931609
0.051304
0.921246
0.921692
0.063588
0.968412
0.962670
0.972395
0.054208
0.972795
0.167157
0.127475
0.039123
0.882717
0.586556
0.033384
0.059514
0.049994
0.037047
0.972676
0.040067
0.084789
0.035278
0.092368
0.957352
0.033136
0.033751
0.188029
0.034483
0.033563
0.458486
0.047293
0.035503
0.340174
0.972970
0.972598
0.078032
0.972636
0.970568
0.038041
0.036762
0.037393
0.903562
0.904451
0.972984
0.082644
0.051174
0.972259
0.054290
0.033602
0.034620
0.034658
0.130493
0.051623
0.036375
0.033479
0.681902
0.034957
0.967247
0.033443
0.048892
0.054509
0.040665
0.967405
0.972024
0.973104
0.052035
0.056166
0.969996
0.078446
0.082173
0.972646
0.970888
0.970711
0.963327
0.051061
0.710252
0.034837
0.450507
0.034941
0.972558
0.957595
0.033968
0.971808
0.971684
0.041278
0.972989
0.971879
0.972441
0.059110
0.616193
0.240194
0.037947
0.060858
0.965557
0.973045
0.948892
0.950075
0.973064
0.037809
0.043812
0.972353
0.224663
0.972830
0.035581
0.109109
0.059577
0.040872
0.063813
0.969834
0.970992
0.109626
0.034052
0.074374
0.036175
0.064802
0.927434
0.970654
0.039027
0.645126
0.089554
0.920298
0.041709
0.971083
0.972661
0.973058
0.972905
0.081161
0.039669
0.034243
0.040767
0.053920
0.035567
0.109617
0.731864
0.972046
0.972664
0.852768
0.972982
0.944963
0.968470
0.041504
0.046543
0.713495
0.078586
0.972399
0.043208
0.970131
0.971207
0.972657
0.040678
0.967565
0.036735
0.952601
0.928694
0.033844
0.033229
0.037226
0.080301
0.033818
0.967962
0.912343
0.952082
0.036456
0.045387
0.968985
0.131231
0.565187
0.033513
0.041430
0.043628
0.972461
0.972973
0.055325
0.082277
0.073574
0.637901
0.864962
0.061522
0.961891
0.972980
0.935349
0.590032
0.033224
0.035103
0.970970
0.973007
0.065239
0.972697
0.034488
0.034916
0.971330
0.070228
0.972822
0.049207
0.043530
0.039000
0.892168
0.972618
0.037037
0.971201
0.035389
0.972388
0.972876
0.936756
0.097016
0.034991
0.048389
0.036530
0.969361
0.940878
0.245200
0.870689
0.969625
0.931743
0.035925
0.045034
0.127490
0.972946
0.972691
0.631326
0.872796
0.973077
0.035098
0.972852
0.972742
0.971991
0.972777
0.035976
0.033153
0.953102
0.107322
0.034324
0.038563
0.047287
0.036622
0.041295
0.046290
0.972945
0.071564
0.043442
0.972527
0.034718
0.062987
0.072701
0.409847
0.033781
0.961494
0.971357
0.055979
0.033389
0.972843
0.034634
0.973008
0.972751
0.036567
0.500000
0.045445
0.034610
0.069037
0.972359
0.971003
0.746312
0.069581
0.973105
0.034198
0.973161
0.971624
0.422710
0.972828
0.113695
0.035082
0.608976
0.036398
0.973045
0.968030
0.037056
0.973058
0.039862
0.917448
0.869280
0.972888
0.970410
0.972729
0.081682
0.040634
0.972540
0.929468
0.050906
0.974449
0.972781
0.974612
0.049682
0.037700
0.969270
0.964948
0.037482
0.053298
0.039262
0.647494
0.040579
0.974588
0.042505
0.040674
0.974210
0.934076
0.040152
0.708788
0.078074
0.659295
0.944731
0.959763
0.974202
0.060897
0.041416
0.946578
0.973586
0.974194
0.974248
0.974522
0.038119
0.040306
0.044056
0.073452
0.142060
0.045080
0.796273
0.974569
0.974108
0.974249
0.037720
0.968879
0.958851
0.592707
0.068609
0.974392
0.064349
0.313957
0.906546
0.037294
0.772339
0.053681
0.973870
0.972913
0.062381
0.957988
0.971790
0.088684
0.718719
0.974383
0.882454
0.974374
0.686413
0.119569
0.974094
0.973116
0.041554
0.434240
0.062746
0.088412
0.973956
0.974301
0.972828
0.974399
0.923655
0.036802
0.972365
0.044385
0.946595
0.837555
0.973149
0.087136
0.151999
0.068739
0.046473
0.963513
0.974287
0.054764
0.963024
0.943684
0.949360
0.052184
0.046945
0.967720
0.041128
0.044118
0.271411
0.829931
0.037661
0.090157
0.065070
0.048230
0.721329
0.928809
0.974382
0.974513
0.054501
0.038678
0.974327
0.235837
0.059976
0.064651
0.042800
0.941902
0.380585
0.974011
0.963366
0.121977
0.043478
0.974090
0.044564
0.973927
0.967541
0.038169
0.041466
0.973583
0.974017
0.039742
0.974030
0.060839
0.972478
0.967230
0.974527
0.974433
0.974417
0.970966
0.047236
0.036990
0.878472
0.973546
0.106142
0.049498
0.099582
0.970136
0.974376
0.974517
0.049441
0.779867
0.947840
0.065217
0.039832
0.972331
0.974506
0.068186
0.064227
0.974352
0.056415
0.974511
0.052925
0.039163
0.045458
0.925936
0.043144
0.053149
0.039259
0.974113
0.953664
0.038763
0.232091
0.974019
0.974365
0.974516
0.974500
0.960219
0.974478
0.973170
0.319369
0.038290
0.974409
0.050339
0.056652
0.104419
0.046524
0.966370
0.595526
0.973880
0.974432
0.974238
0.579038
0.041395
0.973975
0.969403
0.970383
0.046217
0.973841
0.958049
0.963993
0.523876
0.974665
0.037850
0.084541
0.972474
0.083639
0.974424
0.077240
0.063430
0.970203
0.038289
0.067914
0.039700
0.037456
0.974230
0.973752
0.969429
0.566309
0.973989
0.972895
0.057307
0.071259
0.972592
0.038366
0.044183
0.973493
0.974361
0.187949
0.458188
0.974658
0.039889
0.962584
0.058664
0.046857
0.974518
0.049243
0.969193
0.770354
0.973347
0.974279
0.951607
0.124127
0.960883
0.971339
0.974478
0.049592
0.973905
0.054287
0.974127
0.110691
0.973671
0.865125
0.039308
0.053898
0.974419
0.039063
0.037605
0.058662
0.974094
0.940832
0.061385
0.964360
0.041515
0.041573
0.391236
0.974363
0.044146
0.038814
0.743063
0.038527
0.974594
0.038468
0.974324
0.974539
0.842221
0.972421
0.039991
0.969801
0.055870
0.039669
0.920265
0.974578
0.959301
0.041470
0.960384
0.038948
0.943856
0.049811
0.044113
0.974472
0.039321
0.066388
0.973910
0.096196
0.974533
0.950397
0.038705
0.794009
0.058868
0.967644
0.970746
0.972493
0.047560
0.974573
0.039696
0.045888
0.059796
0.039586
0.974499
0.038125
0.199244
0.306271
0.039668
0.055246
0.972617
0.052204
0.938723
0.060811
0.974563
0.054090
0.686164
0.973890
0.041730
0.974233
0.972651
0.045011
0.060473
0.972427
0.973276
0.038188
0.964766
0.974557
0.218825
0.053490
0.054272
0.038043
0.186846
0.040092
0.074534
0.044429
0.974478
0.970056
0.974468
0.054553
0.111797
0.950991
0.180442
0.905408
0.974564
0.974352
0.974400
0.044381
0.036699
0.060880
0.658523
0.969550
0.047477
0.974496
0.974388
0.974281
0.973745
0.459777
0.041885
0.974582
0.060897
0.037466
0.046438
0.970322
0.617460
0.939619
0.971779
0.974330
0.710324
0.107312
0.973741
0.973896
0.098651
0.037684
0.974599
0.061002
0.052396
0.655627
0.961902
0.068894
0.039212
0.229582
0.970708
0.052773
0.160401
0.938021
0.037313
0.974314
0.060592
0.050246
0.044533
0.973898
0.068754
0.974611
0.037963
0.075605
0.974576
0.082523
0.852665
0.974192
0.963146
0.960743
0.974322
0.974443
0.046024
0.974248
0.057867
0.974176
0.039789
0.974135
0.973046
0.057763
0.060143
0.069680
0.938972
0.908137
0.954395
0.974023
0.342746
0.974029
0.038915
0.038396
0.061242
0.043968
0.060079
0.973351
0.479987
0.055022
0.039948
0.042981
0.872964
0.972606
0.869650
0.970816
0.974611
0.974605
0.893999
0.973817
0.038086
0.062638
0.753829
0.038244
0.974449
0.847958
0.974372
0.931191
0.927917
0.078348
0.039009
0.974468
0.050875
0.973967
0.100230
0.973804
0.965509
0.373361
0.330551
0.063549
0.052008
0.041842
0.811826
0.973885
0.044140
0.973292
0.973895
0.971817
0.043120
0.868485
0.042747
0.972294
0.057301
0.039227
0.974417
0.973786
0.974112
0.878754
0.047318
0.208418
0.071990
0.973648
0.048114
0.945727
0.974216
0.966269
0.969751
0.971751
0.067916
0.042121
0.972741
0.041372
0.974452
0.973904
0.042146
0.049921
0.974375
0.043037
0.973442
0.974421
0.804177
0.065600
0.038624
0.969247
0.049857
0.956485
0.039051
0.061586
0.966994
0.295173
0.934159
0.974277
0.059664
0.970949
0.042168
0.859315
0.038437
0.076538
0.039943
0.965184
0.041502
0.041295
0.974158
0.896289
0.051382
0.974302
0.078619
0.107379
0.973660
0.040409
0.042503
0.925295
0.974162
0.966979
0.055286
0.938296
0.973791
0.768582
0.055433
0.839252
0.040738
0.569875
0.956811
0.973955
0.400861
0.099582
0.935535
0.973613
0.973719
0.047387
0.973741
0.974417
0.967547
0.974473
0.974471
0.720699
0.037602
0.973920
0.974176
0.968584
0.974447
0.973393
0.071956
0.054885
0.974488
0.060771
0.937392
0.972865
0.738300
0.046554
0.974272
0.037910
0.041368
0.069641
0.046167
0.974371
0.974609
0.801368
0.043029
0.050666
0.974106
0.049813
0.173987
0.049542
0.974385
0.972965
0.039267
0.974163
0.974296
0.037309
0.974112
0.416355
0.049471
0.974323
0.039067
0.245722
0.037074
0.932955
0.899838
0.924165
0.974156
0.973855
0.044551
0.904659
0.974016
0.055102
0.177144
0.973840
0.059684
0.971317
0.974118
0.047864
0.068905
0.904716
0.052364
0.967939
0.974590
0.058286
0.974452
0.938111
0.969037
0.045304
0.974199
0.043417
0.040165
0.973434
0.971238
0.039106
0.971075
0.974591
0.973893
0.171357
0.041842
0.057504
0.972607
0.974505
0.062289
0.974365
0.038045
0.037879
0.965586
0.974615
0.039423
0.973829
0.047647
0.042532
0.957829
0.040679
0.948358
0.041092
0.051570
0.688531
0.972402
0.037592
0.938204
0.970995
0.304036
0.974107
0.973635
0.041867
0.038140
0.042764
0.974038
0.050492
0.154695
0.973838
0.038449
0.967836
0.040522
0.071779
0.937467
0.038820
0.960380
0.038052
0.974352
0.973450
0.920908
0.105639
0.069149
0.086516
0.073191
0.973417
0.967779
0.043493
0.974563
0.974470
0.973672
0.042526
0.105525
0.973697
0.039328
0.974470
0.974576
0.288319
0.193833
0.974448
0.974387
0.973528
0.037773
0.044021
0.830341
0.208989
0.043555
0.230979
0.971889
0.037897
0.960425
0.039066
0.037082
0.969068
0.960029
0.973734
0.043006
0.045482
0.964043
0.071708
0.972029
0.153994
0.055955
0.041739
0.042464
0.971719
0.046982
0.037502
0.042901
0.974134
0.041249
0.045155
0.113089
0.941821
0.966658
0.972974
0.064595
0.093261
0.971290
0.042206
0.087661
0.062662
0.974477
0.972294
0.974596
0.040323
0.973425
0.043438
0.037647
0.802126
0.437990
0.742111
0.303017
0.971823
0.535550
0.974190
0.961045
0.966191
0.971447
0.974258
0.973611
0.050520
0.041403
0.972965
0.039330
0.053596
0.047464
0.033080
0.038485
0.969416
0.033915
0.494305
0.098885
0.103877
0.934049
0.040589
0.934872
0.963560
0.047004
0.066035
0.042870
0.971503
0.035822
0.038047
0.919026
0.032865
0.951925
0.032589
0.279853
0.724404
0.971772
0.644739
0.043715
0.728934
0.033616
0.968239
0.040595
0.971543
0.035151
0.947014
0.971566
0.032475
0.205896
0.934206
0.970503
0.874591
0.037926
0.968253
0.032640
0.970817
0.484422
0.356621
0.033053
0.971722
0.065680
0.060123
0.971548
0.033667
0.036982
0.072250
0.970345
0.033840
0.033959
0.971233
0.032789
0.862475
0.971699
0.944429
0.044255
0.037395
0.033655
0.968483
0.060406
0.032976
0.036795
0.041132
0.971052
0.971381
0.089946
0.057602
0.971223
0.801506
0.088726
0.053208
0.031923
0.034023
0.051554
0.032479
0.041909
0.928217
0.971503
0.972005
0.053983
0.971171
0.971363
0.971984
0.971825
0.448889
0.971638
0.035383
0.043017
0.965256
0.033191
0.967324
0.969241
0.969658
0.041366
0.040045
0.971403
0.947485
0.971507
0.033104
0.971678
0.033681
0.039412
0.042500
0.500000
0.971773
0.969640
0.034866
0.039119
0.863059
0.840140
0.036727
0.971828
0.056349
0.068522
0.040250
0.033134
0.314900
0.971648
0.167732
0.971746
0.033438
0.970999
0.971780
0.040473
0.971780
0.038170
0.378043
0.927180
0.972061
0.033713
0.903695
0.972005
0.048931
0.033266
0.971731
0.971723
0.036725
0.952021
0.970456
0.040549
0.971747
0.032500
0.815424
0.100791
0.971478
0.961279
0.971843
0.050842
0.053827
0.238614
0.971120
0.960257
0.971761
0.032274
0.971777
0.970636
0.971577
0.032385
0.971379
0.035817
0.766243
0.971752
0.968454
0.033526
0.040922
0.970743
0.970927
0.038201
0.947283
0.970097
0.971438
0.970829
0.960726
0.970637
0.069038
0.970973
0.593346
0.032080
0.971533
0.971559
0.971305
0.917873
0.959859
0.872855
0.913638
0.970341
0.833185
0.971785
0.031959
0.056296
0.044604
0.971807
0.969931
0.647980
0.040759
0.970038
0.970280
0.032065
0.694564
0.032982
0.971746
0.037232
0.968074
0.607453
0.070240
0.971607
0.792150
0.049308
0.971546
0.897274
0.072712
0.971833
0.037281
0.964556
0.971792
0.048402
0.414319
0.939020
0.961791
0.078803
0.036381
0.206848
0.971208
0.971555
0.971083
0.961068
0.069248
0.971446
0.040201
0.152331
0.880148
0.971085
0.037085
0.035022
0.060025
0.214632
0.969992
0.965147
0.875378
0.970890
0.047144
0.967173
0.430698
0.047223
0.059862
0.050415
0.031901
0.951435
0.035322
0.836800
0.931606
0.042079
0.965429
0.964786
0.037180
0.970580
0.971041
0.971420
0.034288
0.842904
0.039364
0.037563
0.967589
0.032611
0.772157
0.747465
0.971871
0.971896
0.032633
0.963279
0.033524
0.090905
0.036323
0.971678
0.133644
0.530412
0.971113
0.968755
0.046896
0.032151
0.032713
0.034698
0.742061
0.970457
0.032442
0.036312
0.044782
0.938017
0.965004
0.971556
0.034099
0.970164
0.034727
0.956083
0.048831
0.036872
0.972027
0.034716
0.040156
0.033116
0.038368
0.923760
0.900881
0.033641
0.560093
0.034817
0.041913
0.036955
0.971469
0.965214
0.972050
0.068602
0.971719
0.863346
0.957942
0.032850
0.800706
0.053600
0.970054
0.068763
0.542922
0.045896
0.801493
0.729413
0.045133
0.044656
0.032818
0.954137
0.057920
0.302076
0.971634
0.041082
0.971833
0.039971
0.927141
0.964886
0.950433
0.971882
0.968137
0.057317
0.107899
0.102244
0.062389
0.483036
0.041530
0.051322
0.033240
0.972003
0.832810
0.969064
0.036836
0.033113
0.036146
0.036575
0.971244
0.035793
0.073082
0.971066
0.047860
0.925713
0.054213
0.035370
0.934632
0.970920
0.734304
0.039743
0.404020
0.907958
0.037417
0.968964
0.962203
0.034503
0.036681
0.692118
0.040913
0.971206
0.089705
0.972028
0.064050
0.965684
0.971170
0.614868
0.170561
0.035577
0.032602
0.042380
0.971885
0.931004
0.044049
0.032835
0.971805
0.039546
0.076833
0.298642
0.968184
0.874858
0.970272
0.971831
0.033260
0.034578
0.100157
0.971600
0.040352
0.970564
0.033045
0.054545
0.034597
0.041679
0.226947
0.169613
0.618449
0.032239
0.947839
0.072274
0.755295
0.036872
0.394031
0.971409
0.042453
0.040633
0.958233
0.038852
0.101003
0.968838
0.696565
0.971609
0.032048
0.971814
0.043714
0.971780
0.899039
0.971820
0.073787
0.061595
0.968613
0.037422
0.923309
0.058968
0.666967
0.040199
0.934293
0.970611
0.033353
0.049425
0.053295
0.032520
0.037421
0.040848
0.100309
0.034567
0.035323
0.038182
0.038170
0.964377
0.818125
0.066539
0.041150
0.971728
0.932746
0.032687
0.971874
0.971756
0.970898
0.827057
0.082016
0.957073
0.034244
0.969769
0.971276
0.951573
0.829360
0.185624
0.940388
0.417215
0.711209
0.971778
0.038056
0.971870
0.550760
0.046778
0.112078
0.082813
0.121339
0.924759
0.968841
0.788568
0.047677
0.971281
0.968742
0.971723
0.034338
0.894884
0.082981
0.036332
0.245408
0.035726
0.035282
0.970306
0.043762
0.559361
0.032143
0.073820
0.971656
0.087538
0.957744
0.032115
0.303243
0.971033
0.043143
0.971816
0.833267
0.044378
0.969396
0.050012
0.054939
0.173047
0.042092
0.863737
0.970146
0.970800
0.424544
0.937032
0.971954
0.033965
0.384835
0.970187
0.969300
0.039144
0.056949
0.969936
0.972035
0.562373
0.034625
0.964257
0.965961
0.049130
0.970877
0.034959
0.970022
0.949284
0.032497
0.971725
0.159161
0.970800
0.033130
0.971881
0.971019
0.038721
0.732070
0.039816
0.033238
0.970377
0.971542
0.872366
0.971190
0.971730
0.969544
0.032161
0.032844
0.971552
0.075580
0.040539
0.971202
0.033577
0.971790
0.905054
0.088734
0.938530
0.032967
0.035853
0.037102
0.032640
0.841203
0.971681
0.766139
0.834596
0.971878
0.969286
0.040341
0.040886
0.968333
0.033651
0.937363
0.971723
0.956701
0.041027
0.035918
0.965716
0.034429
0.936102
0.840648
0.046493
0.061886
0.971765
0.971967
0.964865
0.100847
0.062959
0.827671
0.971739
0.038752
0.944407
0.107091
0.971678
0.957554
0.507263
0.133514
0.971722
0.212805
0.166085
0.971504
0.971247
0.032446
0.972034
0.042667
0.971584
0.971207
0.035602
0.039467
0.036925
0.034826
0.095149
0.908920
0.055030
0.963476
0.969091
0.033824
0.968698
0.971912
0.969989
0.068925
0.044081
0.810523
0.948087
0.820095
0.034729
0.480273
0.951384
0.248274
0.971610
0.039572
0.034104
0.063560
0.032880
0.312649
0.967029
0.435378
0.049847
0.036064
0.034951
0.779673
0.039196
0.969931
0.036951
0.970908
0.971977
0.960373
0.970124
0.040024
0.046729
0.971878
0.038348
0.032864
0.036494
0.070280
0.031717
0.033962
0.971915
0.971551
0.971979
0.968709
0.971654
0.970401
0.059873
0.971829
0.874663
0.614515
0.967259
0.042433
0.140752
0.971770
0.032006
0.968763
0.032925
0.036009
0.035741
0.248036
0.033232
0.971947
0.040287
0.045657
0.917425
0.967910
0.970615
0.034515
0.970094
0.065286
0.966467
0.971923
0.036422
0.038922
0.737073
0.111508
0.834992
0.956076
0.968280
0.971223
0.701696
0.971846
0.970821
0.647353
0.037704
0.971807
0.971690
0.930430
0.033284
0.785263
0.971870
0.970150
0.035472
0.051886
0.043247
0.136835
0.043014
0.032704
0.971947
0.970254
0.971718
0.056868
0.032879
0.955759
0.034336
0.044795
0.032357
0.045050
0.971915
0.966531
0.721664
0.971386
0.907102
0.971900
0.969724
0.964666
0.970847
0.064062
0.035975
0.925763
0.049778
0.972064
0.046440
0.032561
0.785889
0.964740
0.032653
0.057368
0.355544
0.047766
0.032558
0.870529