0.67189217
0.11054498
0.9273854
0.75993115
0.9508911
0.13624577
0.84432954
0.9102983
0.9577028
0.105959624
0.18890917
0.1283255
0.52551246
0.06370834
0.29636306
0.93250954
0.28858888
0.954667
0.0716608
0.60322946
0.16353714
0.93634707
0.17448948
0.9128554
0.19519922
0.72962433
0.94977486
0.15487096
0.2512671
0.90982586
0.07872515
0.102516145
0.94965506
0.05216843
0.954187
0.9529503
0.07235548
0.93207127
0.9277968
0.7508005
0.9075794
0.7576051
0.13967232
0.1428101
0.8151919
0.08233223
0.07209512
0.43139818
0.0645991
0.06920394
0.14136535
0.9462617
0.060529944
0.23013686
0.8864502
0.9244477
0.9308499
0.9269974
0.93994194
0.095639214
0.121350035
0.9352111
0.10202452
0.9479931
0.9542061
0.95429057
0.06380548
0.0641683
0.078067146
0.94703436
0.95819914
0.57102346
0.9461555
0.10543502
0.10250528
0.9458816
0.55369896
0.0681784
0.91295177
0.9001367
0.06933509
0.2015774
0.0666807
0.9452567
0.9551458
0.9551368
0.9521706
0.73091793
0.8271314
0.90806055
0.306523
0.07645836
0.38869593
0.91369337
0.10297662
0.23374581
0.95166886
0.07005627
0.94445026
0.21519798
0.9180008
0.06268238
0.30748078
0.63417065
0.70128024
0.19642314
0.2978217
0.9197516
0.930926
0.95075464
0.8378696
0.25048015
0.8622095
0.5222356
0.11106791
0.94505876
0.088690326
0.06610757
0.35123122
0.8995035
0.07189055
0.8305573
0.8982491
0.9395366
0.6843655
0.9080693
0.1424121
0.46207365
0.9268512
0.07410296
0.12975009
0.53755695
0.93691874
0.9537597
0.80514544
0.605126
0.09323826
0.1456195
0.36687243
0.90743905
0.59539413
0.9487045
0.88385063
0.05928111
0.12772541
0.73980385
0.13750309
0.15617248
0.09573228
0.95440304
0.091469005
0.5379682
0.93614686
0.21438088
0.8187069
0.0550574
0.95345235
0.20785296
0.952589
0.9294884
0.90989584
0.94600624
0.097644374
0.22057739
0.93868685
0.9444736
0.9376691
0.88780874
0.16831775
0.5253719
0.20128442
0.8278051
0.14526398
0.949006
0.95315915
0.94106996
0.9149017
0.9131226
0.086248495
0.9479781
0.11609706
0.70137644
0.93950677
0.17132746
0.07363262
0.9428606
0.117292404
0.9362461
0.8464916
0.1011934
0.1831023
0.8666553
0.8724098
0.20666684
0.83341616
0.89552283
0.6734622
0.9413196
0.06803558
0.949607
0.948852
0.9497151
0.09241857
0.9338253
0.39899322
0.72361
0.6692929
0.17030407
0.94795066
0.0925872
0.15432313
0.108093075
0.9356816
0.2993264
0.93936
0.26916912
0.9279267
0.24663989
0.13886152
0.95093787
0.35682777
0.95324355
0.95159686
0.7978307
0.9312731
0.9550298
0.95326716
0.12020843
0.51763564
0.9505892
0.93978626
0.293805
0.10021373
0.9198281
0.908767
0.076497085
0.92371756
0.27229017
0.8961383
0.8495283
0.9230086
0.79566306
0.09100123
0.18518633
0.18422757
0.12854654
0.060190424
0.3624908
0.86578953
0.94376796
0.24668658
0.91244525
0.67170876
0.106335536
0.76964736
0.16586092
0.15902677
0.938233
0.29578134
0.92124176
0.9180011
0.061250754
0.08090279
0.2507396
0.1003478
0.81378466
0.87716436
0.92899024
0.62834
0.8591785
0.10346296
0.93905914
0.94177675
0.94714075
0.06889475
0.41402286
0.747726
0.4950034
0.7147129
0.11801399
0.9274957
0.4662597
0.646048
0.9530515
0.9383753
0.09873092
0.22935636
0.28018102
0.916559
0.31085303
0.95189714
0.69223595
0.49399054
0.95476496
0.13971353
0.300998
0.19970733
0.95487607
0.6147697
0.62335145
0.9521703
0.1507785
0.9347626
0.8566633
0.07644936
0.14575185
0.09863829
0.9438704
0.060406186
0.9383178
0.20478615
0.05436263
0.059768077
0.16101265
0.08537182
0.4631003
0.89337254
0.3121598
0.0736772
0.08884522
0.95267856
0.07577201
0.9452825
0.9475565
0.06542835
0.22850274
0.9498991
0.21624233
0.21755794
0.1713722
0.88889074
0.94405687
0.25301957
0.22022465
0.11529981
0.112093195
0.04844632
0.058525752
0.5181718
0.9538334
0.17996448
0.06354094
0.94961435
0.33413216
0.88023555
0.94625026
0.060500845
0.21719985
0.06935356
0.11189939
0.8206103
0.81732935
0.9497656
0.76647615
0.87938476
0.06689071
0.12289098
0.08176535
0.9473685
0.9355854
0.2888375
0.93551534
0.098789126
0.73222035
0.35021853
0.05345397
0.123063326
0.28294325
0.123966955
0.9508181
0.09855577
0.9163352
0.092312396
0.056886416
0.7970568
0.15529121
0.95681626
0.95412207
0.9520764
0.06643291
0.9321732
0.9050435
0.94965374
0.8418736
0.95550936
0.94906443
0.93090206
0.94455135
0.072967805
0.08895464
0.9484146
0.0999395
0.37197685
0.42839882
0.9569591
0.18148024
0.94524246
0.19350906
0.9522563
0.87020206
0.24338515
0.95372635
0.93869966
0.087324314
0.15644282
0.93937904
0.068950005
0.94655436
0.92809325
0.9541998
0.13998872
0.93230325
0.9520228
0.8241373
0.952567
0.9430868
0.4040993
0.074818715
0.9485359
0.9140734
0.94752055
0.53116304
0.62064075
0.9254331
0.095259815
0.0988717
0.550341
0.07151022
0.083388925
0.13608569
0.87740713
0.60472
0.954434
0.32765928
0.11706501
0.67741585
0.38636327
0.93960875
0.06198384
0.06878895
0.08648292
0.9529605
0.9552494
0.9453851
0.12960105
0.1048164
0.34176275
0.949909
0.14512452
0.14468253
0.94380575
0.16567485
0.1580365
0.1088686
0.085622475
0.07541271
0.84286135
0.33574188
0.95189154
0.6505827
0.11206382
0.9401116
0.949238
0.08039937
0.8790733
0.81305
0.058340177
0.5241892
0.1357501
0.22613168
0.13021187
0.8489774
0.940899
0.7011401
0.4118366
0.13768269
0.78598535
0.2707929
0.9435026
0.07992133
0.9412863
0.20763648
0.9507152
0.59226686
0.09898083
0.21928239
0.053489666
0.84570885
0.18651548
0.2973896
0.9552444
0.4675851
0.1635206
0.93986404
0.12870899
0.87989175
0.6295586
0.39580506
0.93853194
0.10161345
0.9007854
0.10379716
0.05883038
0.11853624
0.074031405
0.9469666
0.73782444
0.2816493
0.9413137
0.122514874
0.266437
0.13660504
0.9393862
0.15561032
0.94992614
0.41545412
0.34597105
0.8268769
0.1484714
0.07537055
0.04813382
0.5840069
0.61492455
0.9184917
0.481735
0.14512175
0.94478583
0.056867085
0.2861726
0.45534137
0.11296898
0.9524614
0.21569777
0.9479752
0.95117915
0.898681
0.9419613
0.07490677
0.1540117
0.19136274
0.9492223
0.85477805
0.9313117
0.065570295
0.12337548
0.15991828
0.92345876
0.076135434
0.9474205
0.12873232
0.092178784
0.116126634
0.1200522
0.056992054
0.6609568
0.84209716
0.06083132
0.93147635
0.9098672
0.6227057
0.16036223
0.77084553
0.72509354
0.9520348
0.7877743
0.6814294
0.07136672
0.9532795
0.50323445
0.9538884
0.21774222
0.54111826
0.4426593
0.8266339
0.95703924
0.9281664
0.09253545
0.53220284
0.9401729
0.9494389
0.93480414
0.34418455
0.867639
0.7051181
0.05979696
0.937077
0.9515038
0.07631981
0.17028958
0.92404276
0.4754251
0.9259444
0.9423415
0.2711523
0.38289636
0.3519137
0.10613493
0.91022646
0.15529372
0.8612053
0.17924097
0.4752815
0.5095655
0.51219296
0.92015404
0.093726754
0.37345186
0.94309515
0.4435255
0.9499067
0.9291211
0.10428626
0.30735213
0.53208834
0.46109924
0.07525123
0.30696067
0.06312497
0.41586134
0.94223267
0.9559143
0.13142988
0.94356245
0.947052
0.09374316
0.070311144
0.21799274
0.6986793
0.8216472
0.3670657
0.21914665
0.21631786
0.14597204
0.094386786
0.9486553
0.95604026
0.9562699
0.81250495
0.94133544
0.9524318
0.2192645
0.07455196
0.9306029
0.10984637
0.6363889
0.9418654
0.39886603
0.055254743
0.07478453
0.3420712
0.66119474
0.20190993
0.86067176
0.8539023
0.94993854
0.1278167
0.058911435
0.093753316
0.94235027
0.06228118
0.94757676
0.1006578
0.28489307
0.6905414
0.11770694
0.90557426
0.9317135
0.910131
0.9453555
0.95131963
0.28329992
0.7822528
0.13939881
0.07095575
0.9493479
0.94627714
0.25805175
0.08783415
0.91939354
0.9417985
0.45540717
0.12266652
0.47125444
0.48004803
0.06566391
0.24210098
0.9379506
0.56331694
0.64843774
0.08189037
0.08292899
0.9531308
0.7771418
0.95373636
0.08446499
0.90942943
0.13411681
0.070952415
0.93457866
0.59153485
0.05254003
0.8954232
0.09344454
0.8820172
0.9398131
0.94420785
0.90892315
0.32973182
0.95516026
0.06377251
0.08755458
0.9422822
0.13679689
0.06964961
0.9489747
0.11080095
0.71549934
0.8871461
0.06057482
0.25521684
0.12764105
0.12985156
0.073622085
0.117831185
0.9545191
0.07332674
0.07431743
0.13418895
0.84165883
0.9515822
0.75780064
0.8551964
0.87839997
0.43399766
0.9415518
0.10878836
0.95043623
0.1422682
0.06425402
0.1783676
0.944391
0.94423616
0.060663383
0.9489824
0.95340216
0.3191731
0.3191203
0.9430574
0.3804389
0.94039327
0.338973
0.19001532
0.94481593
0.1671684
0.9416811
0.73776
0.12961142
0.1649288
0.80558777
0.9543353
0.94524586
0.10625129
0.644061
0.10223558
0.12881406
0.069286704
0.94894177
0.943988
0.90301234
0.18707544
0.19310603
0.9565759
0.95713407
0.7297943
0.9609272
0.17245485
0.94622153
0.106293045
0.9232945
0.7677762
0.12679861
0.3766966
0.82918936
0.95152813
0.13630183
0.9114088
0.8327605
0.4779643
0.11531538
0.3306137
0.24506588
0.9537202
0.89245504
0.920066
0.9534518
0.92879295
0.08446098
0.055207893
0.957156
0.9457654
0.050659653
0.46231928
0.8550668
0.9572287
0.9184292
0.10041953
0.1511693
0.15402326
0.27797478
0.14317393
0.8882585
0.4290611
0.95211387
0.17304446
0.346804
0.95033157
0.07580889
0.9503815
0.8361138
0.9308868
0.946962
0.95116895
0.95611054
0.067899846
0.27101356
0.9544982
0.12689897
0.23463884
0.30749553
0.88384134
0.9569573
0.11176229
0.14552248
0.93766123
0.12981336
0.12911636
0.9548885
0.13382645
0.7984959
0.95519906
0.95415443
0.9496083
0.099038474
0.2022561
0.95319515
0.95694166
0.16322677
0.8574069
0.9515299
0.08070334
0.93837637
0.20940888
0.93603706
0.95792145
0.95693827
0.956243
0.9234038
0.9533036
0.9519082
0.88124573
0.9496846
0.83969337
0.060903825
0.07619616
0.119138
0.95504475
0.11634226
0.838571
0.09182102
0.20890275
0.88904685
0.5902516
0.26917088
0.95391744
0.06006067
0.15177293
0.17250653
0.058612533
0.9575137
0.103858635
0.34407645
0.9449629
0.9320637
0.07518279
0.09061166
0.8141554
0.9500127
0.33133698
0.07854899
0.8535287
0.946733
0.866938
0.93743134
0.21155456
0.9573259
0.060547344
0.706111
0.9200981
0.95539445
0.1740501
0.23396412
0.7469337
0.45888892
0.5988041
0.18012293
0.42572838
0.053910863
0.9561534
0.9423122
0.2067355
0.5502755
0.055864368
0.26782006
0.8485824
0.94006133
0.32906085
0.1460436
0.9579267
0.93588734
0.1493546
0.561717
0.14105299
0.27874187
0.9569922
0.946791
0.1559466
0.9565136
0.12550838
0.18531962
0.5523518
0.9098132
0.11703338
0.9493656
0.9554624
0.2256425
0.9548641
0.15357958
0.13329463
0.15249011
0.05872748
0.95639485
0.9529137
0.22634555
0.13099504
0.95714974
0.95758003
0.19442609
0.9522721
0.95429367
0.3724595
0.16664192
0.08435582
0.9418276
0.07869598
0.9573011
0.95633054
0.9462158
0.9213532
0.66289115
0.12499169
0.95037323
0.08958958
0.67468506
0.18501282
0.28165597
0.8098016
0.18779303
0.09979929
0.94269836
0.12205762
0.37096015
0.46297497
0.93872553
0.918484
0.9546205
0.44052035
0.09589874
0.9436804
0.09156819
0.8812748
0.21862517
0.08381862
0.94805676
0.23192893
0.31058845
0.10848512
0.044312064
0.16033997
0.95788217
0.95813787
0.10591915
0.09649618
0.30442685
0.65683246
0.594084
0.2765352
0.08768314
0.12194818
0.9573133
0.590384
0.0632485
0.9558372
0.09618472
0.20218286
0.35349724
0.9553778
0.30050346
0.8598842
0.9472047
0.9496469
0.4820647
0.15207641
0.15173613
0.9565232
0.20043191
0.077399045
0.95648336
0.14087912
0.13100576
0.06421583
0.17919569
0.9551997
0.7730759
0.057208527
0.11867506
0.11573685
0.4703539
0.9509811
0.1814429
0.0633925
0.95743084
0.1415037
0.086168624
0.12597053
0.29100356
0.6231688
0.11743806
0.82339287
0.9551001
0.05977532
0.93024594
0.9554465
0.956861
0.9506276
0.7796489
0.9543207
0.3669849
0.8387612
0.12070764
0.95499945
0.5370721
0.9545802
0.8270055
0.37532315
0.301258
0.15222113
0.26323086
0.8797435
0.07433837
0.9106994
0.42613977
0.20586441
0.051752467
0.9567475
0.9381585
0.1653941
0.50459874
0.9564789
0.9495581
0.094872214
0.80611974
0.7654901
0.49776673
0.9410202
0.2126921
0.1552253
0.13922858
0.30731788
0.95072347
0.9361473
0.88889074
0.23487021
0.11329443
0.10942224
0.9548621
0.5686383
0.91063625
0.9470183
0.46890354
0.91813725
0.9548732
0.2955583
0.5993112
0.95013994
0.081120744
0.955259
0.9437465
0.9579458
0.14286408
0.15942588
0.18384412
0.95384705
0.9541456
0.95723236
0.23633815
0.12711616
0.1803812
0.35972318
0.17335345
0.10472434
0.9584523
0.115971744
0.9070026
0.5550761
0.34763283
0.30030954
0.9104205
0.93880737
0.90541553
0.85047954
0.15892093
0.061363757
0.45109388
0.047009725
0.0861094
0.5658798
0.95615923
0.9580061
0.91426796
0.2311376
0.37291956
0.41890305
0.81998926
0.091273025
0.6388399
0.07121329
0.08296245
0.6182625
0.197624
0.29990298
0.9542311
0.11900501
0.95075935
0.928716
0.13120604
0.11974564
0.9551363
0.3954887
0.37264273
0.24422826
0.9253685
0.8002045
0.95316494
0.06967781
0.67656267
0.17560016
0.08077841
0.27986804
0.95577186
0.41739276
0.7922325
0.6377155
0.6420528
0.08926478
0.06411997
0.9567442
0.13626206
0.9457213
0.65446514
0.13812524
0.8698408
0.11478946
0.9174465
0.082266904
0.5024389
0.916246
0.95302045
0.8693942
0.093917094
0.958394
0.1423429
0.17150581
0.07000862
0.95412797
0.17759757
0.17200197
0.1582458
0.14375377
0.06959209
0.08904025
0.48052883
0.90899265
0.070274055
0.39940012
0.16145971
0.09161737
0.08253876
0.8715535
0.08542186
0.95924026
0.9575741
0.5571886
0.7996433
0.9546208
0.6275234
0.8922518
0.19353889
0.74018884
0.955787
0.05328362
0.27182737
0.5468639
0.38891524
0.106237546
0.9521112
0.8286173
0.62534595
0.42613575
0.9516094
0.6677119
0.09900686
0.28410804
0.2599217
0.9515058
0.115275525
0.11694958
0.23354875
0.09058373
0.9518018
0.9546518
0.14799215
0.8886031
0.084635355
0.09138054
0.9479136
0.9535995
0.23789345
0.09877914
0.92499924
0.95605236
0.9437202
0.13042665
0.29696533
0.95358706
0.9551294
0.9418367
0.89246523
0.95820343
0.95578426
0.90028876
0.95560265
0.34876496
0.70061797
0.599959
0.6978678
0.55660266
0.91305023
0.124979764
0.14575976
0.9529819
0.19085528
0.06737783
0.95320207
0.08062307
0.95263356
0.8129068
0.49352318
0.16795559
0.2243639
0.15118563
0.40024853
0.23775393
0.95388806
0.22236098
0.15420811
0.9596992
0.19077662
0.54196084
0.504041
0.18003698
0.9110133
0.9295042
0.9543966
0.94651663
0.17886461
0.6065836
0.27935457
0.956367
0.9409702
0.74791056
0.33663133
0.38462687
0.9574248
0.951641
0.18802139
0.07906837
0.061560147
0.066241734
0.681362
0.955953
0.07271869
0.95443636
0.7741221
0.9424546
0.9527147
0.90759754
0.95589733
0.9567953
0.9448995
0.16674389
0.94852304
0.78806776
0.1825536
0.9523079
0.26111722
0.4019783
0.16946228
0.6115973
0.12156717
0.40606964
0.12573548
0.95730925
0.27136397
0.16675915
0.95437187
0.94441825
0.28799275
0.12413405
0.95354664
0.95451367
0.9549633
0.95219505
0.06700993
0.5287556
0.8813453
0.1088272
0.95481575
0.9449972
0.56150025
0.9506523
0.19934689
0.19454013
0.95527726
0.21857361
0.4196503
0.09888904
0.92477864
0.4261314
0.70585054
0.94946104
0.41748086
0.06265788
0.78944516
0.956243
0.733091
0.95641804
0.81261474
0.95445526
0.18971495
0.1972909
0.94378316
0.2767329
0.16906032
0.36468056
0.70683277
0.11160719
0.9365691
0.3784144
0.7872942
0.24408852
0.10424331
0.18277504
0.1096748
0.12140469
0.07659836
0.4492485
0.9564272
0.82905185
0.5156648
0.948956
0.11046965
0.07917016
0.9415778
0.9558663
0.16538386
0.9336354
0.081836574
0.15479054
0.9556078
0.9541716
0.5332971
0.35763726
0.6098573
0.08240742
0.6333104
0.95509803
0.9546976
0.9535993
0.9558322
0.12534046
0.28696606
0.9297977
0.1766556
0.067191854
0.14445466
0.46380544
0.9436826
0.17043354
0.48821414
0.9524323
0.102416866
0.09363688
0.16800131
0.5735921
0.2858023
0.25726277
0.28365168
0.23833981
0.11296042
0.1756722
0.8485426
0.95293105
0.9574134
0.093560755
0.36941695
0.08671379
0.24313457
0.38913056
0.9543912
0.95470107
0.95249444
0.08903111
0.102471344
0.9567522
0.098828286
0.10896015
0.9535958
0.32422295
0.46443006
0.57078207
0.5456951
0.9531854
0.42667258
0.946786
0.9508985
0.954758
0.06721266
0.3230323
0.11289309
0.20494902
0.6094317
0.1721626
0.46101132
0.94862795
0.77513665
0.38917467
0.9539657
0.14320067
0.2355435
0.8987389
0.95070755
0.31768852
0.94052845
0.7917239
0.16411443
0.3016589
0.6948872
0.9152603
0.95493245
0.15072352
0.2050753
0.81721705
0.15996437
0.042860296
0.4765683
0.15690057
0.95796585
0.9561576
0.16089027
0.15142006
0.17219375
0.8878869
0.78678155
0.9262421
0.8729268
0.07599026
0.95603895
0.9538219
0.9558027
0.062719375
0.105129875
0.91016483
0.32472196
0.7918705
0.46167785
0.92710733
0.5927225
0.12619157
0.95673656
0.0834836
0.3231255
0.9552909
0.17126846
0.95397735
0.95705456
0.30615646
0.07057649
0.099830404
0.8903646
0.8863784
0.9574261
0.19462667
0.089484595
0.090928175
0.054878198
0.8763793
0.060896814
0.16946493
0.3116879
0.101562776
0.7293329
0.9519693
0.9547426
0.13942531
0.14975637
0.079195336
0.5280737
0.09659275
0.9153478
0.0969428
0.95383763
0.19136545
0.09612154
0.9529294
0.92706734
0.9517774
0.93648285
0.18657883
0.9506176
0.9496168
0.9411395
0.8786179
0.077012375
0.21787286
0.9472811
0.73733485
0.94725895
0.6361742
0.62103564
0.099341206
0.16507341
0.90311545
0.8121212
0.9561117
0.94592375
0.9511232
0.897768
0.19255628
0.94188684
0.80286163
0.070848055
0.8972219
0.10838427
0.5509896
0.94557947
0.75112313
0.121516414
0.71560925
0.7775114
0.68021894
0.17237867
0.93986857
0.9496992
0.87123275
0.076432854
0.15892261
0.7083063
0.17427075
0.94850504
0.104142696
0.95016307
0.09121489
0.3225234
0.12032855
0.17524531
0.08131481
0.06418296
0.06305609
0.8581067
0.48710766
0.11863732
0.9521249
0.25948173
0.93240625
0.42611164
0.10344556
0.22663184
0.112885214
0.94888955
0.9547228
0.13932669
0.079093985
0.29510504
0.10304699
0.94848305
0.63637906
0.94904363
0.18881534
0.51480603
0.93523866
0.16067953
0.101610035
0.95727867
0.20233741
0.09366047
0.87324536
0.7935893
0.20670103
0.9353821
0.10147108
0.55294096
0.92285573
0.558907
0.9494574
0.9449158
0.4951145
0.8181353
0.9379795
0.08247054
0.16976939
0.88439715
0.9516092
0.41983292
0.9459485
0.0957771
0.86922896
0.392068
0.21239822
0.13059063
0.94764847
0.93019706
0.820141
0.53107905
0.8869421
0.9537331
0.28851658
0.24896315
0.07933625
0.94409245
0.93982875
0.9019309
0.94784135
0.48884395
0.082648225
0.13266692
0.11787897
0.08588514
0.06649188
0.952609
0.945384
0.060155764
0.92457724
0.21513674
0.8897777
0.21690282
0.9541298
0.16302525
0.21283023
0.24356031
0.8575669
0.72329015
0.07102602
0.15630935
0.6360527
0.106355034
0.93987215
0.09144915
0.88752586
0.21941108
0.1151703
0.9253616
0.09229028
0.8726536
0.18461198
0.94213533
0.45744956
0.3058346
0.6635186
0.7592045
0.9362344
0.9413051
0.6403933
0.2132973
0.90070695
0.23784927
0.94156873
0.94044137
0.9457608
0.20116763
0.9474335
0.94640595
0.9418598
0.3648229
0.26256716
0.26717767
0.06451783
0.80736184
0.9504799
0.9356775
0.32481664
0.9525886
0.8940353
0.25217846
0.30831084
0.87678134
0.9440577
0.42986432
0.2596063
0.8311292
0.9018752
0.94812423
0.78939354
0.115176715
0.15498063
0.9405748
0.81428117
0.74919254
0.07336694
0.2668707
0.95126027
0.94981
0.5925883
0.94555485
0.906655
0.18466869
0.15767805
0.16952209
0.07331977
0.55604607
0.073090576
0.05893328
0.95202494
0.8788397
0.06260136
0.06558433
0.48587453
0.08646681
0.12970325
0.9511258
0.3935617
0.09684287
0.5816957
0.6101386
0.93605494
0.82597446
0.19683616
0.14362559
0.81077874
0.68837804
0.82539636
0.27970588
0.112105966
0.40421078
0.9482398
0.082969554
0.4560038
0.89415807
0.9520872
0.9462242
0.9516453
0.07822007
0.9221989
0.0584567
0.92954034
0.10989247
0.951263
0.5966432
0.9357349
0.9550328
0.32457733
0.8400621
0.078863025
0.8753223
0.9486463
0.096932836
0.17587122
0.24974446
0.4189825
0.13376585
0.7911414
0.07730379
0.20834963
0.17212535
0.14815356
0.951024
0.95039123
0.5761239
0.9167529
0.4456436
0.1115378
0.28905022
0.54469883
0.9524409
0.7327235
0.66116303
0.9517169
0.94756776
0.95182836
0.9449357
0.7904168
0.8159564
0.9495424
0.12847468
0.95187396
0.5172402
0.16833672
0.9290897
0.068477884
0.32320368
0.94963753
0.9472203
0.38281643
0.88075453
0.097583726
0.9240823
0.11907479
0.9192441
0.06588783
0.21441442
0.9481443
0.40215012
0.30110362
0.093869835
0.91611475
0.95107853
0.92338556
0.33551735
0.5877994
0.9528518
0.7070798
0.95278114
0.94277495
0.8823551
0.9511175
0.27543777
0.9524372
0.123089254
0.09465194
0.083379745
0.08585082
0.291465
0.08369307
0.34218508
0.26809824
0.38137633
0.34743845
0.9248918
0.31082764
0.7773303
0.16722041
0.067706734
0.94957024
0.07435872
0.93010575
0.109088354
0.15301247
0.92826515
0.7195424
0.9414795
0.13563448
0.391776
0.71957195
0.07346849
0.45389226
0.08963603
0.4878414
0.952937
0.073264994
0.07815156
0.4407484
0.78315234
0.3143899
0.95453745
0.27265415
0.95412445
0.7281169
0.35588244
0.7446215
0.1944519
0.91242695
0.12415537
0.073549666
0.105005026
0.1404873
0.10451094
0.95073247
0.10450619
0.91399205
0.5219898
0.89273
0.08715877
0.18853448
0.4425113
0.95076346
0.9332102
0.49050322
0.94764143
0.45876566
0.4545169
0.25115815
0.16624479
0.10342319
0.43633837
0.12508777
0.39582652
0.14453878
0.31177428
0.24461117
0.86670506
0.9404131
0.9408065
0.9459671
0.8723602
0.5115908
0.3574867
0.92040145
0.9490404
0.6675053
0.8880465
0.9498042
0.33072925
0.9456835
0.9473606
0.16266178
0.95063394
0.8927049
0.37014863
0.1252984
0.19579393
0.9386966
0.3471423
0.5699919
0.92716163
0.9357687
0.49928287
0.080606714
0.94950116
0.9118933
0.2083504
0.20879142
0.9531686
0.94306874
0.9508288
0.24716242
0.9459992
0.48053882
0.31800464
0.951808
0.887486
0.0711397
0.94438976
0.9223062
0.08123925
0.9456818
0.9520373
0.13181104
0.5913541
0.94732285
0.22823702
0.24260227
0.56370544
0.12143543
0.9416348
0.92544967
0.89966375
0.88393104
0.28891525
0.13444763
0.95086014
0.078499876
0.86279845
0.11740303
0.13072513
0.4490966
0.95308703
0.90723866
0.11727776
0.36164546
0.9152154
0.9268236
0.17807832
0.95404917
0.94356054
0.9499142
0.95293534
0.27921578
0.3705258
0.15880935
0.94288814
0.19784681
0.18835212
0.9209263
0.06167625
0.9407695
0.14492886
0.59458256
0.94429153
0.70611095
0.43847847
0.43988764
0.25592783
0.9484633
0.9505664
0.07639123
0.07180991
0.93568367
0.44495082
0.33240384
0.63416404
0.16264488
0.95148355
0.94674706
0.94540226
0.18063866
0.95263535
0.09819295
0.16174641
0.3402875
0.8986112
0.20246656
0.06332803
0.43956247
0.15209478
0.19582926
0.9514762
0.60499054
0.124089144
0.10922892
0.5988491
0.4339397
0.060749367
0.088534765
0.70288515
0.07291229
0.08000956
0.90783197
0.1564997
0.13290544
0.94786286
0.95242405
0.95009446
0.3903975
0.949561
0.9554234
0.119760774
0.099912845
0.10560156
0.383465
0.7078622
0.9482518
0.91658163
0.48837394
0.950611
0.62851375
0.0780326
0.17210643
0.06414705
0.6933238
0.09688755
0.26802492
0.080467075
0.4383418
0.06304538
0.9451976
0.07528499
0.4668368
0.3847457
0.14991026
0.8542925
0.8644251
0.9540469
0.12849694
0.14550318
0.9115153
0.866322
0.15442838
0.89105564
0.9432164
0.91505283
0.44575566
0.36932614
0.7554378
0.08911561
0.44383413
0.13826299
0.8865172
0.93722
0.08234125
0.9180106
0.93751496
0.11890349
0.94302803
0.951984
0.816051
0.5314814
0.6398224
0.09985349
0.078581996
0.5484352
0.94689745
0.9536841
0.9166734
0.5258571
0.95217234
0.0629174
0.43466228
0.8072502
0.092351004
0.9426201
0.098195545
0.88457924
0.23409304
0.23609851
0.18905006
0.92150646
0.94165
0.7124841
0.09774912
0.11392422
0.061532743
0.86724484
0.9455166
0.9491827
0.33661538
0.81365114
0.39454094
0.9450795
0.3939638
0.9558107
0.91771924
0.9503238
0.949578
0.79264367
0.21808194
0.098300435
0.06489012
0.20784703
0.09656676
0.2911837
0.15618251
0.9396151
0.94477457
0.49989146
0.95346177
0.9207236
0.94728315
0.10348701
0.19946493
0.08156257
0.26115823
0.9519003
0.18730524
0.9443195
0.7338786
0.94517803
0.2017221
0.92790663
0.1019123
0.7572814
0.84089315
0.06475678
0.07318081
0.22887006
0.89023966
0.06472351
0.9446872
0.2502788
0.5587183
0.120665126
0.3025016
0.9510588
0.44438076
0.07978586
0.068045795
0.46181
0.39761534
0.95296955
0.9316503
0.4154045
0.11930449
0.7490601
0.11668223
0.93745744
0.72752154
0.951054
0.9525734
0.83950394
0.33683372
0.05925343
0.07350624
0.88809633
0.95295084
0.084045306
0.954085
0.0834554
0.09486314
0.9355983
0.9091087
0.90347826
0.46281427
0.27404603
0.14206806
0.91866857
0.8713796
0.102986686
0.78602564
0.09640094
0.9507096
0.9520079
0.5642703
0.7814005
0.13147327
0.5321554
0.1148551
0.6259163
0.7260595
0.124765724
0.1129906
0.5098385
0.9083526
0.1168288
0.6364559
0.578155
0.9536188
0.9499468
0.78973484
0.5228242
0.9522345
0.071683735
0.9500727
0.9533961
0.9448204
0.952004
0.1887237
0.059754975
0.47180098
0.64603937
0.06509237
0.17519765
0.4234218
0.2339376
0.24432093
0.57415384
0.94478256
0.23947309
0.5259592
0.94925433
0.085514486
0.83113515
0.43248576
0.93161386
0.08342839
0.3185876
0.95164424
0.7016103
0.081007
0.93626076
0.07594366
0.9547058
0.9066999
0.21884589
0.07906812
0.40418082
0.08422642
0.85376
0.94853216
0.9510153
0.91747403
0.5595095
0.94259477
0.11292748
0.953606
0.95488787
0.5911847
0.9488913
0.16539529
0.15668446
0.29017332
0.101038024
0.95288295
0.94221216
0.08276189
0.95064956
0.13631228
0.85079557
0.94241995
0.91211087
0.93497896
0.9509481
0.50143605
0.09929373
0.95803016
0.5671386
0.088271886
0.97092324
0.93304205
0.9718384
0.1123646
0.09512029
0.80462515
0.9292434
0.06803278
0.44195402
0.084788725
0.37905002
0.110907644
0.9707809
0.11940302
0.22627327
0.964484
0.66915333
0.04803795
0.37825823
0.07309882
0.94649744
0.16710156
0.74953187
0.95274496
0.09144811
0.19765931
0.8389982
0.95890397
0.95708764
0.9564519
0.9645495
0.111580424
0.0803542
0.08195613
0.4668246
0.46763662
0.19123152
0.090939306
0.9656302
0.963289
0.9679698
0.075366266
0.6475219
0.41273108
0.23662095
0.567203
0.9533366
0.50827354
0.8299975
0.9289394
0.06849257
0.3627761
0.12659815
0.96561027
0.9100978
0.253471
0.5838506
0.5162675
0.7071667
0.6596184
0.9686034
0.3635802
0.96856993
0.25937316
0.074777566
0.93869305
0.869605
0.16056478
0.9320946
0.65584356
0.2426974
0.9638622
0.96228224
0.777006
0.9604091
0.12600379
0.04111052
0.95822006
0.13916965
0.38812923
0.15468426
0.9612179
0.41318277
0.36052725
0.44698322
0.25618404
0.5649857
0.93485403
0.15738449
0.9180621
0.32332534
0.49024782
0.13886505
0.13887918
0.9386148
0.12300474
0.36339784
0.44977096
0.8556712
0.08796208
0.6461385
0.11723623
0.15894307
0.2573942
0.68574595
0.96493995
0.96848565
0.4516743
0.09972537
0.9481999
0.89346594
0.34439328
0.32045734
0.124261186
0.89814377
0.87413776
0.9722572
0.9628457
0.5093519
0.19351462
0.96220464
0.12222907
0.96702784
0.92233163
0.044258613
0.1101557
0.835512
0.86341536
0.06200811
0.95700127
0.08726781
0.6750278
0.95726055
0.96017736
0.96403575
0.9694055
0.9560711
0.15544067
0.06525722
0.18163091
0.9432855
0.5816611
0.14152278
0.5853373
0.38262808
0.95833796
0.9656123
0.43005565
0.30997986
0.138162
0.6645707
0.1710803
0.9480665
0.9660049
0.07447146
0.8680593
0.961933
0.5070273
0.9651581
0.42263013
0.08388139
0.23407269
0.88752544
0.11703188
0.07829957
0.11528731
0.9633363
0.2647041
0.08527582
0.13980173
0.9640115
0.9702945
0.9669571
0.97195464
0.4601092
0.97000635
0.9272025
0.10628711
0.063242115
0.9535632
0.28024742
0.39861476
0.4568763
0.13480394
0.89657754
0.09709873
0.9630181
0.97166574
0.95576555
0.077529214
0.30157217
0.9597313
0.9322859
0.9429505
0.14189795
0.937849
0.5848379
0.94468904
0.9589118
0.97166014
0.09655469
0.49505758
0.92188907
0.34018865
0.96177334
0.6027855
0.2619608
0.96436524
0.080428675
0.09635711
0.07924947
0.08209564
0.9684228
0.9390192
0.9407508
0.153131
0.9509208
0.9536445
0.15312275
0.66405916
0.8292313
0.12749508
0.21183863
0.96255696
0.9555487
0.119737856
0.13514929
0.9730675
0.09224182
0.92497414
0.16019276
0.3754038
0.9629743
0.12637924
0.4178755
0.118641585
0.9421479
0.9648452
0.36671075
0.12007066
0.84113884
0.8718622
0.9600356
0.24843624
0.9411116
0.26975518
0.9401513
0.62948316
0.9582269
0.9091308
0.13031001
0.23173487
0.96740067
0.073153816
0.061726633
0.1085035
0.96934783
0.1880405
0.15019879
0.8979457
0.17032306
0.15391237
0.067143776
0.9634383
0.0996833
0.12755893
0.6626746
0.11341275
0.97257
0.1552924
0.94826925
0.9649647
0.124207884
0.8326535
0.08506375
0.93252254
0.086155646
0.11782663
0.48889497
0.9648968
0.8403213
0.06859309
0.57348007
0.16031179
0.32765222
0.7286648
0.12030358
0.9674135
0.07911393
0.21846458
0.9304207
0.16494073
0.9646355
0.44101942
0.11801914
0.10448189
0.61227745
0.9440571
0.44132516
0.9626101
0.12823492
0.97309476
0.073460035
0.13873914
0.27971825
0.08600329
0.9689669
0.0762278
0.42145136
0.9068142
0.093662456
0.22909348
0.9267187
0.17779285
0.9098448
0.20371176
0.96868193
0.13586342
0.32918683
0.9643008
0.18017676
0.97071195
0.9634686
0.38894844
0.11074588
0.91704005
0.9647204
0.099798
0.63705814
0.97380877
0.3728323
0.16596869
0.2424758
0.107275344
0.14789367
0.2531038
0.22687918
0.077202685
0.96257454
0.5825362
0.96087766
0.0983524
0.911597
0.13564374
0.94843274
0.9557487
0.9673565
0.9609861
0.96039855
0.20788193
0.0463019
0.49366075
0.9533167
0.9416002
0.117950864
0.9553158
0.96773225
0.94121915
0.93113226
0.93468803
0.083124205
0.96740055
0.5001087
0.07920455
0.18717621
0.9048187
0.483668
0.4143199
0.94151205
0.942171
0.26598546
0.93629044
0.93388736
0.9588804
0.06357823
0.067492805
0.97244114
0.9035811
0.17544681
0.93710566
0.76433975
0.36551163
0.088680156
0.7178717
0.95936894
0.122743405
0.76649886
0.1543161
0.051319636
0.96418047
0.06797853
0.17957442
0.14760779
0.9642036
0.85532624
0.9674627
0.11538277
0.8291869
0.96782076
0.09988153
0.93847716
0.96064097
0.78576267
0.8529002
0.97225946
0.9645657
0.1382132
0.96094304
0.29495278
0.9480017
0.06201318
0.95419556
0.91023266
0.5867447
0.3266195
0.5728271
0.50958586
0.77210975
0.4055429
0.96854186
0.24142107
0.9661321
0.11628388
0.07706706
0.11435324
0.066834435
0.43766955
0.9669698
0.5889725
0.124629445
0.064499214
0.17268836
0.17124279
0.9659275
0.7504738
0.9534325
0.96895504
0.97368073
0.48125508
0.95096934
0.06089492
0.28650054
0.14831488
0.08746405
0.95926833
0.3568503
0.96366537
0.51884526
0.30392677
0.17424068
0.15287569
0.95286274
0.52304715
0.967554
0.8042177
0.94446033
0.8451627
0.80730426
0.94039243
0.23096563
0.10396161
0.10360391
0.32026643
0.96688855
0.10437252
0.967096
0.9678321
0.95134133
0.09204968
0.24051918
0.1493464
0.8868493
0.5621986
0.08366285
0.97383016
0.96121854
0.96158314
0.6458254
0.35222685
0.31215113
0.27211404
0.96562797
0.2617588
0.2125394
0.95912015
0.26016447
0.79738647
0.96482176
0.37372008
0.08238715
0.7797852
0.15329126
0.9541613
0.9606278
0.13597575
0.15861897
0.96821636
0.36700395
0.95123655
0.96022093
0.81829745
0.371388
0.11167876
0.93479675
0.21802555
0.6772083
0.13213257
0.7211685
0.9473573
0.7106894
0.87150776
0.9394633
0.07597563
0.97072786
0.15733942
0.84188527
0.07124157
0.87735355
0.096413985
0.87773
0.11099606
0.19578966
0.9459247
0.8199879
0.2493012
0.95516264
0.43523422
0.83435535
0.96907705
0.103038475
0.34222448
0.3104835
0.95561856
0.91081756
0.09480041
0.9294686
0.95064914
0.52342516
0.2382564
0.42831358
0.22408509
0.45943397
0.5626145
0.9481485
0.7670568
0.4320867
0.9207957
0.89276457
0.949456
0.09206267
0.9746415
0.9523943
0.9501348
0.96019906
0.9578299
0.447073
0.07597275
0.9432952
0.9494668
0.9468895
0.9589378
0.95035124
0.6646011
0.18022224
0.97402817
0.13459411
0.88367605
0.94398487
0.4803344
0.09027283
0.9436584
0.108971916
0.09094953
0.16158673
0.12897617
0.96894
0.96588826
0.11600917
0.14901383
0.19162184
0.96557397
0.40263444
0.17169449
0.09487475
0.95556194
0.94364727
0.10755393
0.9508036
0.96823364
0.07547846
0.96209174
0.94523156
0.15944178
0.9588168
0.12532999
0.331349
0.061257415
0.44591522
0.09759506
0.92321455
0.9708056
0.9545313
0.21916829
0.42862895
0.9524461
0.20839685
0.17451206
0.9695407
0.37652597
0.9394361
0.956058
0.11181342
0.40081856
0.87049454
0.24858546
0.6603673
0.95931727
0.14198744
0.94198793
0.93220055
0.84916484
0.24103591
0.96449494
0.125168
0.14796591
0.9538667
0.8806538
0.15799703
0.5472567
0.96416926
0.96185404
0.41303188
0.097927555
0.19276291
0.9510582
0.9656407
0.16379556
0.9615786
0.092531696
0.07908105
0.6042399
0.974531
0.06071451
0.96558696
0.079248816
0.3998532
0.78242207
0.0923167
0.8595046
0.12633005
0.12761343
0.6724835
0.95784026
0.077292465
0.35355812
0.9623383
0.34262687
0.9426272
0.94902074
0.20595369
0.0752165
0.069034345
0.94410723
0.20051216
0.18015544
0.968555
0.0713572
0.90633243
0.21943995
0.38114843
0.18592504
0.061847758
0.67142516
0.08258537
0.9361636
0.8027641
0.36058375
0.21227537
0.32071352
0.49809498
0.8643424
0.9342336
0.95969254
0.07535847
0.96326274
0.9721325
0.9659797
0.11020079
0.13972035
0.9565953
0.09946359
0.9528593
0.966606
0.8694035
0.4063882
0.9644987
0.9701276
0.96612096
0.09407558
0.11838428
0.83441204
0.14483242
0.18355797
0.67448354
0.74806845
0.119409814
0.7903006
0.160002
0.04495666
0.8606593
0.9220299
0.9557437
0.13370365
0.36294863
0.8808914
0.29356155
0.9697834
0.88646215
0.2522756
0.09826639
0.25109577
0.9620991
0.17068379
0.06948675
0.096679345
0.9666923
0.107439436
0.10046215
0.9515743
0.9098921
0.94955254
0.9714158
0.4727398
0.6564761
0.9604561
0.2497198
0.32431373
0.1629015
0.96459544
0.9671785
0.97032255
0.08840838
0.9394325
0.22005558
0.060611274
0.12836303
0.09410408
0.8560519
0.9501618
0.96986085
0.23820373
0.9612609
0.93762517
0.9535782
0.96044344
0.9620365
0.91929346
0.23272242
0.122416
0.9232539
0.05476911
0.5960092
0.42144486
0.078403376
0.07203508
0.95032614
0.11160566
0.18172966
0.89368534
0.13971582
0.13342755
0.10934675
0.46247578
0.5404213
0.13613643
0.30213428
0.23207134
0.9410774
0.07662677
0.12932658
0.15062252
0.12867692
0.8683806
0.06447626
0.45112425
0.8516088
0.9386113
0.08620098
0.29259843
0.29604036
0.07179876
0.93062687
0.19282506
0.9518286
0.13173124
0.6688595
0.93088925
0.0957958
0.21789227
0.92707986
0.94352424
0.14733078
0.32966435
0.93035775
0.08312934
0.94737
0.07983258
0.09809029
0.10318387
0.9389327
0.16373049
0.14657754
0.9456352
0.075419664
0.3070485
0.23503244
0.9468954
0.08463322
0.08838955
0.94320905
0.07946624
0.1877586
0.9178328
0.91881317
0.1010537
0.07628381
0.080129996
0.9466934
0.3667754
0.0779517
0.17345318
0.52110666
0.9403048
0.9266295
0.14375998
0.2139895
0.9311269
0.08209317
0.47450003
0.20541607
0.06961484
0.16194849
0.12917706
0.10292375
0.1648232
0.4916257
0.9328375
0.9495065
0.41882133
0.9434636
0.93356144
0.9480303
0.94221234
0.7150256
0.9513499
0.068809494
0.08885838
0.49027514
0.07900954
0.74590284
0.9129957
0.9155784
0.09530721
0.095865875
0.9498872
0.90008193
0.9358218
0.09333005
0.93602526
0.15766658
0.07891409
0.21351267
0.1259363
0.9492638
0.9353767
0.07167809
0.06961238
0.27568102
0.75391734
0.07281144
0.94615495
0.09102108
0.11098378
0.07765958
0.09076423
0.4157171
0.94009566
0.14460438
0.92726505
0.12266079
0.9353959
0.9451576
0.41820163
0.94876164
0.10985197
0.10242441
0.9357036
0.9475154
0.08765263
0.09944982
0.95375186
0.11982164
0.073582776
0.95184004
0.95017236
0.1036569
0.93377405
0.9437459
0.07661498
0.94181764
0.07068262
0.18464397
0.20354602
0.93210286
0.8261026
0.95207965
0.10160614
0.31542775
0.9342344
0.94349843
0.813393
0.9485167
0.07150708
0.9484786
0.9378461
0.88403034
0.08047613
0.9464706
0.08830821
0.94217604
0.9477855
0.94790673
0.08711021
0.2203067
0.93794936
0.9038667
0.111431874
0.3951352
0.9293558
0.9508317
0.948837
0.32729286
0.88760155
0.14409016
0.94624174
0.17744677
0.0693288
0.9484233
0.9465768
0.9476697
0.50253624
0.48612344
0.8577637
0.3003863
0.940189
0.6024207
0.93561435
0.077637404
0.19080238
0.10622815
0.95123106
0.80491835
0.08171437
0.5021817
0.9434733
0.7537825
0.070833914
0.15669405
0.12966697
0.9520308
0.22415426
0.93793017
0.1637249
0.36538702
0.9349245
0.16441114
0.24223946
0.9466306
0.4584173
0.842749
0.9468987
0.29873824
0.9164105
0.94293636
0.07837224
0.334157
0.3846176
0.85358566
0.3452193
0.1167469
0.18697183
0.9366919
0.9510009
0.9336615
0.92251784
0.08229116
0.9488969
0.068381675
0.1391329
0.73964167
0.94442666
0.096619144
0.10013044
0.24344707
0.5341688
0.9490502
0.78359663
0.46947518
0.906983
0.17742606
0.8293557
0.5032989
0.711383
0.84244424
0.27439275
0.07301855
0.7160169
0.07056369
0.31393564
0.8871188
0.07013395
0.18967392
0.64933115
0.07685833
0.93514264
0.94081306
0.9488695
0.08315674
0.7663206
0.20188263
0.12332669
0.9143777
0.07501144
0.12334589
0.16531704
0.9296836
0.94026244
0.08450987
0.93831193
0.1447306
0.6551569
0.107794434
0.93127
0.11683917
0.9486604
0.94624513
0.94135803
0.46208104
0.083009556
0.08511278
0.067944884
0.4210104
0.9433986
0.088041894
0.09611245
0.10867819
0.902408
0.9365412
0.9506271
0.085947566
0.91232246
0.07063921
0.6957193
0.7001539
0.11009568
0.95301634
0.24068494
0.11122434
0.10188984
0.080534436
0.93872404
0.47596934
0.06703577
0.15226561
0.08970736
0.36761585
0.11932345
0.92880243
0.9008263
0.9485222
0.30614668
0.94355494
0.14789924
0.8758977
0.08000531
0.24668428
0.27031767
0.84493476
0.22127393
0.3165401
0.12914659
0.16747096
0.11692229
0.30213076
0.11766518
0.071762726
0.5987266
0.1100794
0.11344335
0.94852746
0.07118621
0.94760716
0.08764803
0.11567211
0.8119655
0.93389666
0.9390613
0.9404533
0.07162517
0.67130214
0.12494329
0.6578834
0.095063046
0.11090785
0.14835745
0.10163541
0.95042974
0.0858885
0.94970024
0.094374664
0.06971814
0.17687073
0.08833287
0.9477984
0.19091754
0.19437703
0.9407494
0.35357338
0.47347507
0.2733284
0.1249697
0.28227043
0.94043523
0.68054867
0.12889686
0.2157252
0.8773787
0.32569814
0.9410349
0.77698255
0.08368497
0.073642045
0.11636426
0.087991
0.94361097
0.7910953
0.951891
0.17951763
0.9354469
0.9138883
0.79744744
0.07703677
0.16960175
0.08670085
0.10282797
0.95103854
0.7450131
0.373166
0.089644
0.95000297
0.14925413
0.23968087
0.3857001
0.7627433
0.12201934
0.9480142
0.94710815
0.09692882
0.17023209
0.16984697
0.950902
0.15841098
0.9404118
0.07033959
0.108064525
0.07700482
0.2284428
0.25969887
0.57913244
0.64270055
0.072672755
0.89751494
0.36782515
0.13198951
0.13378838
0.93689996
0.9348006
0.12238563
0.14663857
0.92097753
0.091010496
0.113314316
0.9421359
0.54539484
0.9462154
0.07208952
0.94602
0.5818616
0.93482375
0.2571919
0.9489429
0.07831873
0.08956727
0.8873768
0.15305066
0.390559
0.25848496
0.8373021
0.2528274
0.9336052
0.8782582
0.11334579
0.39252713
0.10626037
0.081765816
0.1314741
0.42152297
0.4383433
0.16017883
0.12234002
0.07895079
0.10008024
0.77072525
0.37508303
0.50931245
0.2604769
0.9510809
0.70686454
0.07018551
0.9508473
0.9472612
0.949734
0.48978302
0.77568626
0.90034616
0.08261818
0.941425
0.94649136
0.60845965
0.4995705
0.10715792
0.79677534
0.082081944
0.08312707
0.9516933
0.20763668
0.9452135
0.7094992
0.6344401
0.8524071
0.14108905
0.41710848
0.13001327
0.9375017
0.110690236
0.15761033
0.9440865
0.8968726
0.95084333
0.076182365
0.57169443
0.62322146
0.095837235
0.11076238
0.17434104
0.0696606
0.93461156
0.29654905
0.8661985
0.07148621
0.099413656
0.9505668
0.10211188
0.8815202
0.06591653
0.17333119
0.95038885
0.24153653
0.9455059
0.76673466
0.1067338
0.85906434
0.17307486
0.203224
0.6937662
0.23890737
0.5717309
0.95065737
0.93566495
0.08076083
0.5575356
0.9521892
0.09963817
0.92662597
0.9270355
0.9427952
0.2620787
0.47137532
0.94600964
0.9496054
0.0731466
0.23790637
0.91924226
0.8690116
0.56525725
0.945326
0.25057465
0.913172
0.16016103
0.079826556
0.9507694
0.09232129
0.9501404
0.08833585
0.94633025
0.9444952
0.07253532
0.42682222
0.14235494
0.08315526
0.9472904
0.941204
0.8871297
0.94770384
0.9509076
0.8007154
0.06665276
0.075083114
0.94952524
0.8633386
0.10421243
0.9382686
0.09213507
0.9495853
0.6325103
0.34878716
0.14007586
0.093937784
0.2526884
0.26351786
0.07694976
0.13119727
0.9486675
0.28150666
0.7508079
0.93411463
0.94536376
0.37520814
0.40934777
0.8850576
0.074413165
0.34969872
0.9454173
0.8155227
0.46814865
0.20436195
0.30223942
0.08735589
0.6978445
0.13358991
0.3593742
0.081798635
0.9519084
0.9446641
0.9486624
0.41306698
0.08565873
0.4002577
0.9492238
0.110948406
0.5311585
0.91121423
0.93891054
0.791078
0.25005525
0.25246528
0.950188
0.50178605
0.12506483
0.94969904
0.9470056
0.06975964
0.9489332
0.1302651
0.94549006
0.9470598
0.072833024
0.10202342
0.10334223
0.21370843
0.111683995
0.9105718
0.66833925
0.92353034
0.9467658
0.14856312
0.95015955
0.95216393
0.9425825
0.5593702
0.33382142
0.40382227
0.8739811
0.20775545
0.06863741
0.7747292
0.4223606
0.08592191
0.944477
0.1138622
0.1496443
0.4888318
0.09030463
0.069633104
0.8953036
0.8397434
0.68241966
0.1400673
0.09099131
0.45993358
0.11142987
0.93994325
0.24794345
0.9385075
0.9429166
0.75511426
0.9431534
0.27797925
0.45121548
0.95116216
0.1521315
0.08427782
0.0730032
0.50329435
0.06729778
0.09197172
0.9514985
0.952355
0.95132005
0.9203517
0.9490987
0.95007294
0.42364585
0.9474659
0.4246265
0.2148611
0.5037834
0.3557315
0.1544046
0.9497529
0.076438546
0.9455278
0.07629399
0.12840953
0.123274125
0.82904714
0.07706705
0.9479451
0.09131806
0.09638288
0.2144284
0.74038434
0.9128038
0.09164146
0.93746275
0.10566182
0.66276157
0.9502926
0.25066918
0.104270115
0.2672012
0.08523518
0.27251554
0.8651084
0.94514894
0.867005
0.88240755
0.93738127
0.9479041
0.89693856
0.11592049
0.9407071
0.9272131
0.13446689
0.13562095
0.1921865
0.9474895
0.94460475
0.1376413
0.49056178
0.0819524
0.74521995
0.8162613
0.08374677
0.9405973
0.9353594
0.9485843
0.33041853
0.08696774
0.8355019
0.13499598
0.10833067
0.08393177
0.1463912
0.9517468
0.65700895
0.12062982
0.93548363
0.082310714
0.95458376
0.857793
0.6304546
0.92189384
0.584824
0.103102885
0.8867861
0.07674586
0.9480521
0.15322635
0.0760478
0.53006077
0.6432972
0.06959201
0.10206204
0.35687178
0.7463374
0.0671327
0.08153595