0.24006508
0.32072863
0.80562127
0.92545354
0.998201
0.02736226
0.0133679
0.98667204
0.99926674
0.00708442
0.0265428
0.3700483
0.29919288
0.10474689
0.0786279
0.99629194
0.01169105
0.9696262
0.02154039
0.01247289
0.00280466
0.9997623
0.00112788
0.9594375
0.00387192
0.23650971
0.9977434
0.00527152
0.63214684
0.96658766
0.00774689
0.20769733
0.99936277
0.00314106
0.9973225
0.99979603
0.03496505
0.98921347
0.9789192
0.06620181
0.9859992
0.99908954
0.11070082
0.43017265
0.3167617
0.00336033
0.00457545
0.8773238
0.00123798
0.52845806
0.00217098
0.99965185
0.00052447
0.00607294
0.97566366
0.9700802
0.99950606
0.9588498
0.9817096
0.13758658
0.00395238
0.99793714
0.0018466
0.9998621
0.9987572
0.95850444
0.01860477
0.00378694
0.01081311
0.9865179
0.99972355
0.5705207
0.987965
0.01277196
0.0089977
0.9966675
0.18443052
0.00857771
0.9818089
0.9975314
0.10335443
0.49750498
0.80308014
0.99744654
0.99918693
0.9998181
0.9984342
0.0121548
0.0971147
0.9863528
0.01685858
0.00016023
0.30537912
0.92334104
0.8104983
0.00441996
0.9969054
0.01819396
0.9704758
0.24432193
0.99802
0.00026968
0.0056078
0.8688574
0.76966864
0.5886002
0.93977314
0.9771695
0.9917496
0.99322784
0.8890999
0.02743216
0.5256385
0.95279956
0.01556033
0.92029613
0.39368173
0.00066258
0.08235921
0.3615369
0.00225308
0.8389123
0.01584422
0.993898
0.01810178
0.98853755
0.03512281
0.83608896
0.9916011
0.00911871
0.79129577
0.98742574
0.9949513
0.9985096
0.4961853
0.64588964
0.00345651
0.01605078
0.80639446
0.99966085
0.3427162
0.989738
0.9839566
0.00250095
0.02482841
0.8635584
0.01771068
0.06224566
0.00117896
0.98454374
0.01415086
0.21898054
0.99458575
0.043615
0.04949448
0.0010066
0.9888318
0.34649396
0.99549407
0.99630296
0.8632991
0.9775698
0.00338282
0.8582675
0.9536675
0.9978998
0.96865743
0.7555918
0.01033651
0.26546526
0.7696707
0.90012497
0.12044557
0.9700904
0.99976027
0.99062586
0.9995557
0.13776377
0.1143389
0.9999106
0.03173975
0.3304396
0.95182323
0.00957914
0.00509657
0.97567976
0.21120046
0.8466314
0.97668314
0.00202182
0.04596152
0.97873235
0.4221803
0.38632146
0.66609603
0.9532685
0.4033472
0.97289747
0.1276678
0.99880296
0.9964944
0.9976086
0.0049986
0.952841
0.33187047
0.47439677
0.01827396
0.00177689
0.9988971
0.08195177
0.22348677
0.00319468
0.9906094
0.4897828
0.9949787
0.07942192
0.87821305
0.86604357
0.01541253
0.9909626
0.8566581
0.9894193
0.9996944
0.56503713
0.99468994
0.9833765
0.9966783
0.00383501
0.02197075
0.99688655
0.9680415
0.77373797
0.00233593
0.9320896
0.8754449
0.3505391
0.45717508
0.00604657
0.97303885
0.99978393
0.9519977
0.61536855
0.0128086
0.01784425
0.01039087
0.07171911
0.00613399
0.00716291
0.16440858
0.9963697
0.9786043
0.9953418
0.02704978
0.00265425
0.8642762
0.61497295
0.0618231
0.9737323
0.96617895
0.9984562
0.73438376
0.00349261
0.02808047
0.30699942
0.02681884
0.7384476
0.85601467
0.66956085
0.12734282
0.21670637
0.03970896
0.9874906
0.955376
0.99886817
0.07729878
0.02852996
0.6900825
0.30911028
0.8772937
0.00348986
0.99716276
0.1444722
0.85788244
0.99933636
0.6873777
0.00360371
0.02731762
0.03602422
0.99969697
0.03578377
0.99844843
0.59518486
0.17916775
0.9996351
0.23027927
0.6305829
0.7581194
0.99913114
0.99756664
0.99926096
0.9991219
0.35871682
0.9979579
0.6865326
0.00018156
0.21767391
0.14333765
0.98008597
0.01246347
0.9986317
0.93033135
0.00957891
0.00212443
0.07404214
0.00084421
0.0855152
0.61141264
0.00344718
0.00529367
0.00388998
0.9989367
0.00276305
0.98321813
0.998058
0.04472255
0.02099657
0.9997786
0.14742993
0.02372182
0.5734537
0.9996515
0.9972199
0.2762812
0.08343187
0.04277249
0.02642273
0.00148544
0.01227141
0.05637442
0.99937904
0.03320195
0.01363739
0.9944264
0.7644913
0.9998375
0.9687255
0.00021035
0.2426995
0.01807414
0.15547031
0.81477827
0.0242296
0.9971577
0.00237828
0.9884333
0.01459479
0.10816921
0.00234593
0.93874764
0.967011
0.00127302
0.9971079
0.00628973
0.83178484
0.52606535
0.00937889
0.04469677
0.17710042
0.0445707
0.9831985
0.10302132
0.3893463
6.2645224e-05
0.24563995
0.46812642
0.35674137
0.992322
0.9707536
0.9984438
0.26203176
0.9887943
0.52291834
0.9985276
0.9953365
0.99948555
0.99816173
0.984124
0.99949867
0.0091428
0.0046978
0.99909836
0.01024363
0.10667673
0.02405916
0.9989099
0.34315965
0.98760146
0.00277755
0.9991574
0.1630494
0.6078442
0.9986554
0.99916697
0.01608703
0.15294339
0.99715734
0.00093542
0.995229
0.99664116
0.9845494
0.00543261
0.9977522
0.9970566
0.77610093
0.9946424
0.9999327
0.5855167
0.29514343
0.99823374
0.9884227
0.9686728
0.70633256
0.06806705
0.9761475
0.7692561
0.03920825
0.56028295
0.00935944
0.05127048
0.06669439
0.9490935
0.11563097
0.9987595
0.6167646
0.01075007
0.47040302
0.6693014
0.97226405
0.00356764
0.01879979
0.00030754
0.99981487
0.99820155
0.9831025
0.10355168
0.04886169
0.03829775
0.9984603
0.62376994
0.37141275
0.9973622
0.17662713
0.358991
0.0179007
0.02057959
0.01645412
0.97792923
0.3978096
0.9552278
0.9820583
0.03970647
0.9520888
0.9934368
0.05396358
0.99875087
0.84579176
0.03146893
0.86447054
0.0012561
0.4348763
0.00145861
0.07418922
0.99519205
0.46301258
0.4336529
0.02215233
0.7922022
0.46422482
0.9867118
0.78487486
0.99830484
0.17068891
0.9956776
0.9836147
0.00714929
0.04612835
0.01350729
0.50320673
0.04198254
0.1863874
0.99920595
0.9536339
0.00178546
0.36134323
0.15908809
0.7859812
0.28731525
0.02381051
0.9827791
0.0051696
0.4848921
0.9064443
0.00401277
0.02098943
0.00056798
0.9970179
0.97636
0.34137833
0.9988823
0.03828676
0.1488864
0.01319107
0.99015445
0.17515445
0.99344563
0.01462846
0.9674253
0.7584969
0.12564278
0.00305167
0.00327423
0.00223772
0.94604945
0.9547605
0.02828273
0.45665476
0.9904895
0.00095835
0.11693745
0.07455874
0.09902977
0.99520636
0.01037413
0.98863137
0.9998114
0.9618276
0.997467
0.01606807
0.03867893
0.00380179
0.9990978
0.3435861
0.9970535
0.16494408
0.02764405
0.8290394
0.87530756
0.00142468
0.9973684
0.52940106
0.11825978
0.00111013
0.01268979
0.08753887
0.9200643
0.07547517
0.00199994
0.9794564
0.91933066
0.7270093
0.11079444
0.3022011
0.04137646
0.9935871
0.94176555
0.96441007
0.05453748
0.9974434
0.91501486
0.9992398
0.03178504
0.38409546
0.2967613
0.60074306
0.9998387
0.93269813
0.01412063
0.06401686
0.9680662
0.9953705
0.9874042
0.04075103
0.73210603
0.36792368
0.00083041
0.88655263
0.9873938
0.03086625
0.00448689
0.63058573
0.97075677
0.86859393
0.998767
0.00407629
0.1976556
0.0359237
0.00178093
0.9862221
0.01733605
0.999368
0.023365
0.14609571
0.83147454
0.00247232
0.96222824
0.55150515
0.99758047
0.9935853
0.01425404
0.99714273
0.979623
0.00971603
0.09545895
0.6741186
0.8191615
0.00310672
0.99309295
0.00741299
0.06515937
0.77606744
0.99946564
0.03123157
0.99957067
0.9702505
0.00032185
0.00034927
0.02846768
0.99102426
0.00500331
0.04035734
0.05642777
0.9140731
0.2895482
0.00468939
0.9491063
0.99977124
0.99756706
0.9973327
0.8440886
0.9961394
0.06021063
0.00179469
0.9197171
0.00025229
0.47377074
0.9980691
0.87070155
0.00408445
0.00021213
0.20840596
0.01666334
0.00208559
0.29965514
0.9920168
0.99752164
0.01681454
0.18720943
0.17152263
0.59487545
0.03328146
0.9847889
0.00361417
0.00769527
0.44123667
0.07865588
0.720313
0.9997704
0.84151095
0.98528284
0.9993314
0.02474372
0.9992504
0.00061526
0.00048573
0.9943226
0.99693584
0.00225428
0.8633565
0.80531555
0.9486803
0.11221416
0.12961887
0.20869389
0.10094193
0.00045677
0.02874371
0.99361295
0.9994866
0.88577706
0.05029869
0.00360705
0.9978351
0.08666433
0.9960936
0.0064276
0.99972314
0.00783265
0.03758481
0.99700195
0.96325564
0.3320253
0.98639715
0.00823082
0.8974082
0.83540434
0.99930125
0.3515974
0.01166322
0.9944998
0.00323916
0.7371449
0.99525046
0.5138506
0.00205429
0.91050214
0.93177235
0.27996773
0.9999329
0.01287328
0.14519797
0.0117625
0.14685984
0.0048154
0.05004394
0.99876314
0.14877093
0.06788281
0.1086162
0.984147
0.9941151
0.3036289
0.39546928
0.9735481
0.04625342
0.99208206
0.06222948
0.9968857
0.00637199
0.00031319
0.30563578
0.99438804
0.9808352
0.00369185
0.9980236
0.99916035
0.67435765
0.26308942
0.9924184
0.9268691
0.98395354
0.4321077
0.00771287
0.9987272
0.05666167
0.9950572
0.9144279
0.01756309
0.00538316
0.15307775
0.9838127
0.9662007
0.00640403
0.8079089
0.00323387
0.46272212
0.02721817
0.99552286
0.99485373
0.7759015
0.00736678
0.00012537
0.98233116
0.99018407
0.5707111
0.998922
0.0003715
0.9095074
0.0041054
0.9804638
0.99924046
0.06957511
0.01580003
0.79079825
0.99847287
0.0023867
0.74353683
0.99933344
0.9923047
0.01719795
0.07100912
0.00221568
0.302915
0.5957358
0.9982456
0.92860293
0.9986829
0.00601532
0.7165421
0.9559511
0.9989437
0.00713673
0.45284364
0.94313544
0.9874995
0.9031916
0.00788214
0.01118877
0.02830592
0.00039792
0.37237304
0.99896705
0.10986031
0.9880368
0.00142163
0.00882769
0.965075
0.00018644
0.43995535
0.3517324
0.4702067
0.9986013
0.99977976
0.99175084
0.00627069
0.08750814
0.9672735
0.00045829
0.01710674
0.22601786
0.8979897
0.99719316
0.07950348
0.12262214
0.9866406
0.00101761
0.02886061
0.9423363
0.01169876
0.8967098
0.9133641
0.9989426
0.9339608
0.00019747
0.00836779
0.9932163
0.9998269
0.7394053
0.03660649
0.9998838
8.69798e-05
0.99720144
0.0171422
0.9735473
0.9976168
0.99748933
0.9996173
0.9507284
0.9974064
0.97635055
0.2637749
0.9923637
0.20762932
0.02533376
0.00044826
0.00732867
0.9978952
0.0015435
0.9992381
0.00115605
0.20095143
0.99981606
0.0041909
0.00495633
0.99627656
5.6390552e-05
0.25811675
0.42090037
0.00296115
0.99834025
0.02971102
0.9246733
0.9988089
0.9874253
0.00052139
0.03688053
0.98656166
0.962748
0.6392647
0.00066883
0.93689615
0.90567297
0.9955781
0.9045315
0.02999373
0.9940769
5.8697693e-05
0.5346689
0.8205565
0.99987626
0.00205158
0.12086947
0.53787076
0.0256033
0.36869857
0.00559247
0.6883135
9.3014394e-05
0.99788654
0.5898642
0.00214559
0.8777721
0.00026106
0.00244298
0.8302695
0.9869283
0.00033157
0.29768038
0.9834935
0.99799985
0.00229871
0.39412802
0.03077785
0.11930795
0.99997985
0.99943465
0.00397302
0.9999401
0.43866283
0.01579242
0.07162002
0.1527385
0.0012677
0.91972494
0.99843025
0.00845089
0.9825018
0.01122298
0.00248602
0.07537343
0.00916209
0.99994165
0.93962073
0.00570142
0.02037051
0.99412334
0.99564135
0.0009916
0.99706095
0.9975409
0.78958464
0.00458425
0.06283847
0.9987943
0.00411003
0.99975073
0.99902445
0.9915667
0.20955022
0.07228865
0.01285863
0.9991362
0.00013322
0.08163502
0.04895562
0.0538984
0.9938476
0.9166747
0.00441508
0.88405764
0.00436068
0.9805341
0.05624365
0.98666924
0.925463
0.99338233
0.26570174
0.01357623
0.999851
0.00989547
0.2341256
0.03964784
0.06492186
0.8453884
0.3300283
0.02549925
0.21572219
0.00041686
0.00015875
0.999968
0.9995045
0.00348849
0.00327638
0.9196957
0.09936344
0.25586575
0.07146195
0.0009263
0.00030137
0.99928826
0.03742015
0.00043854
0.99768203
0.00205192
0.16031581
0.00068175
0.9996097
0.0175273
0.9626997
0.87017447
0.9659474
0.11333458
0.00164237
0.01540799
0.9982973
0.03320374
0.00161422
0.9952931
0.0081447
0.19008328
0.00023353
0.12835284
0.99612033
0.903396
0.00725345
0.06385536
0.06693377
0.04838079
0.99222547
0.6534847
0.00361788
0.99177444
0.00167616
0.00377182
0.00093502
0.97054315
0.45059112
0.00018488
0.8285421
0.9972603
0.01397198
0.89459544
0.994409
0.9955999
0.99986815
0.06605955
0.9905291
0.02045951
0.5029124
0.80321306
0.99598444
0.00225108
0.99867564
0.99841017
0.0476018
0.01927382
0.17052287
0.9189378
0.9513106
0.00158307
0.63530517
0.41406026
0.74536306
0.00013728
0.99918723
0.9980495
0.00144635
0.6059526
0.99872506
0.97009796
0.12487732
0.93200475
0.9974452
0.00066798
0.42836744
0.03596204
0.06691555
0.01751777
0.07720979
0.98601586
0.9998742
0.9291738
0.32195267
0.01755906
0.00131134
0.9987428
0.00338208
0.8229558
0.999668
0.05823043
0.27064723
0.9975395
0.03991067
0.9993757
0.97480893
0.02803421
0.99727607
0.94378155
0.9985275
0.01618429
0.00044466
0.00267257
0.99309826
0.9887043
0.9950906
0.12789942
0.00221187
0.00274031
0.00470383
0.10887174
0.08269116
0.9994969
0.00510079
0.9982694
0.14135174
0.00755752
0.01219445
0.3854121
0.9076625
0.0993826
0.91587716
0.32549196
0.00040192
0.24681087
0.00837872
0.00079924
0.4960251
0.9975181
0.99938554
0.9779761
0.00276826
0.12496158
0.19017404
0.99123687
0.00322318
0.26005378
0.00407587
0.00493064
0.96459275
0.05343724
0.2377046
0.99857706
0.00469526
0.9879902
0.41148263
0.26441225
0.05935445
0.99508506
0.05849859
0.08032661
0.00413691
0.9819179
0.99861646
0.9966535
0.02077975
0.00150077
0.03875147
0.00995702
0.00198718
0.9996295
0.01310336
0.9941704
0.99702746
0.9016184
0.00327836
0.00198671
0.9998951
0.00129297
0.9681485
0.98554987
0.13035017
0.9973531
0.05843451
0.66918033
0.02350165
0.01629585
0.5204163
0.9990723
0.75735885
0.00412424
0.99841243
0.01555319
0.36687157
0.00627946
0.9975338
0.00405396
0.01468616
0.01968295
0.00183745
0.0040005
0.00342203
0.0023958
0.40830767
0.00673477
0.42381057
0.04154897
0.01212867
0.03162232
0.5548524
0.01636489
0.9994017
0.99917513
0.00143509
0.40937275
0.99909484
0.0158386
0.21597789
0.00083
0.21768999
0.99883187
2.5575902e-05
0.02162368
0.056472
0.00725622
0.00231965
0.9848911
0.6489296
0.01699479
0.90129495
0.98077893
0.95643216
0.01694547
0.01591776
0.7665691
0.9998644
0.14045286
0.01327386
0.00055746
0.00178105
0.93113977
0.9978235
0.00334172
0.51397574
0.00187104
0.7865793
0.99654996
0.9950095
0.00077638
0.02506515
0.94889826
0.9857859
0.9993619
0.00247149
0.9979803
0.99981093
0.9905346
0.8931426
0.9996929
0.9994763
0.9985561
0.9957669
0.9091722
0.06954646
0.58572686
0.8570337
0.9908237
0.9681386
0.99874353
0.00186728
0.8675235
0.9467482
0.17969279
0.07771081
0.9603198
0.00429396
0.99978244
0.90134346
0.9910269
0.9707736
0.03098066
0.00081344
0.06703046
0.04267315
0.99036527
0.04817712
0.01619476
0.9980521
0.5836216
0.11805777
0.21577156
0.58065
0.9395977
0.99552697
0.993656
0.876773
0.00294153
0.09421043
0.00632749
0.9994305
0.5356709
0.8471247
0.9547267
0.00032356
0.9998765
0.97697866
0.00025402
0.01994086
0.00112823
0.00092997
0.45083886
0.99573225
0.00039028
0.990979
0.9984331
0.99988157
0.9995042
0.91298884
0.99745244
0.9886465
0.9997537
0.16194914
0.99952906
0.83384913
0.03118669
0.999656
0.03457141
0.08429193
0.00627542
0.83485883
0.48750538
0.768913
0.00045339
0.99524754
0.01786679
0.00213616
0.9712057
0.9935256
0.84011406
0.06322175
0.99995524
0.9999911
0.99505556
0.98298967
0.00898767
0.57386434
0.5608261
0.00084587
0.9982965
0.99947196
0.00093807
0.99928874
0.00210598
0.03221736
0.99956316
9.839687e-05
0.04679376
0.6021398
0.34881452
0.33895904
0.07990198
0.8983256
0.22345497
0.00095713
0.95598245
0.99846643
0.01173707
0.95725477
0.04481556
0.9950263
0.25640893
0.00494693
0.98757285
0.26369795
0.02568265
0.05415016
0.00699039
0.00465914
0.983298
0.9998826
0.9267356
0.29908803
0.0262188
0.04858729
0.00016797
0.00418002
0.02456568
0.00315033
0.9979258
0.99415624
0.6523166
0.9905106
0.0024894
0.00203101
0.99125856
0.992765
0.00158184
0.85170746
0.00149209
0.02739828
0.9984476
0.9934007
0.9512549
0.2562106
0.4175891
0.00704461
0.1007339
0.99259216
0.9896303
0.65474397
0.99968666
0.02892917
0.1776795
0.99947166
0.01752844
0.03139924
1.1194414e-05
0.07361297
0.99841905
0.00433859
0.24443519
0.97541356
0.00055144
0.00029057
0.00432267
0.9266649
0.29865527
0.17070422
0.11507311
0.9548915
0.00070395
0.03050116
0.4702752
0.97544837
0.99996454
0.01119106
0.9354546
0.00462936
0.6201912
0.9971909
0.99725926
0.9997774
0.99964863
0.00239103
0.29695377
0.99952674
0.00062876
0.00072032
0.9945958
0.00940614
0.02104136
0.6887251
0.092821
0.9976566
0.8281819
0.9848871
0.9505252
0.99913615
1.3725933e-05
0.00148299
0.04384355
0.00089762
0.01320987
0.04953983
0.17786838
0.983162
0.37003663
0.9568224
0.98422015
0.00149894
0.01329951
0.6953556
0.89973015
0.04287058
0.49375346
0.00103869
0.01071965
0.5673077
0.00114473
0.8816682
0.99987435
0.00740235
0.0061439
0.13521022
0.0087052
0.00038417
0.5399547
0.06683789
0.9990295
0.8622176
0.02877058
0.28733057
0.29225728
0.9898702
0.0580528
0.8359015
0.9660621
0.01792543
0.99853444
0.90160906
0.9976597
0.00094158
0.00263033
0.2593976
0.05992968
0.9996549
0.1754464
0.98267066
0.37286383
0.01159967
0.9926362
0.00024901
0.0061931
0.9971172
0.00731029
0.15377742
0.9874169
0.00780393
0.00363664
0.00269402
0.01314967
0.75815743
0.9990862
0.02489715
0.00307649
8.470726e-05
0.01010932
0.6616107
0.00111818
0.01777574
0.22638227
0.00053568
0.18104988
0.9956598
0.99809444
0.034447
0.02581464
0.03688231
0.18307522
0.00169745
0.87351745
0.00480534
0.9700948
0.02947699
0.00263874
0.99998415
0.9991781
0.9960924
0.98108345
0.07464852
0.98928005
0.9957709
0.98688304
0.8115511
0.05162672
0.12993433
0.9761928
0.25863746
0.99711734
0.6539809
0.16900814
0.03153104
0.00236123
0.99981403
0.17271006
0.99630445
0.99687725
0.99981916
0.99918455
0.02605132
0.9790374
0.00670108
0.00043505
0.3606944
0.029578
0.6934473
0.99932677
0.03648873
0.00912972
0.2330326
0.73476213
0.4185221
0.3051648
0.97366947
0.99307084
0.9726413
0.3846114
0.2233723
0.34946737
0.05189821
0.99742115
0.0454864
0.99829865
0.01228642
0.18560843
0.0074198
0.00839847
0.01988292
0.00324069
0.02728687
0.9941649
0.20882909
0.03344753
0.97563833
0.43296573
0.9986655
0.20380688
0.01229517
0.08247902
0.05148815
0.9986682
0.9988321
0.03012504
0.36070508
0.58679587
0.02403445
0.83545125
0.99921083
0.9975412
0.8060339
0.02797213
0.9992803
0.00013326
0.46024287
0.99901956
0.00276214
0.00252775
0.99607974
0.8077676
0.16970262
0.98430663
0.00845301
0.02130834
0.9990503
0.99905175
0.9864722
0.6501408
0.7622779
0.5972689
0.9969589
0.01022197
0.00183498
0.47375843
0.9990921
0.7095171
0.9932193
0.03717498
0.79193753
0.90974826
0.01137828
0.6543732
0.9911913
0.56640404
0.9822935
0.7696658
0.94669855
0.99696535
0.01432225
0.79189324
0.00098668
0.98469436
0.9464244
0.9956969
0.9900924
0.06053558
0.5956576
0.6137408
0.18218546
0.00020827
0.0067095
0.9931016
0.64883184
0.00050164
0.98511034
0.02064939
0.9212447
0.00046755
0.9994145
0.19829601
0.00380326
0.6880126
0.99007773
0.10712942
0.0003713
0.03587296
0.8353792
0.00135353
0.99935156
0.0010033
0.9975463
0.00494931
0.06347544
0.9968056
0.00130034
0.03810258
0.00356409
0.97873795
0.30314812
0.11547888
0.3501385
0.5137979
0.999074
0.98315436
0.34032106
0.02251336
0.99125016
0.02327197
0.77682424
0.99816066
0.98847693
0.98313695
0.99133945
0.99660826
0.99627227
0.14831482
0.03469653
0.03762253
0.00048397
0.27471074
0.96986043
0.997379
0.002512
0.9852783
0.7353975
0.95380825
0.01793521
0.62850374
0.99818504
0.53034997
0.9943165
0.30068928
0.9996149
0.9994209
0.9925767
0.21718813
0.24563879
0.99587876
0.1769824
0.75856084
0.03827981
0.00293782
0.9949029
0.9915665
0.0319496
0.9926832
0.99683607
0.5896132
0.03993318
0.52269095
0.01843261
0.38650075
0.00224439
0.00262109
0.9323651
0.9505106
0.0009761
0.4610974
0.8397512
0.02861189
0.00160201
0.9973028
0.02599664
0.04445611
0.7678866
0.00840436
0.9711803
0.98607683
0.48493227
0.61333364
0.04822625
0.0217628
0.3185923
0.00118844
0.03141767
0.01437632
0.9942651
0.00732156
0.37012905
0.9785634
0.9946648
0.9733589
0.9987498
0.9546247
0.73587316
0.00100402
0.9984203
0.05774606
0.9412039
0.4160422
0.71695447
0.98489326
0.36189944
0.39237446
0.00329796
0.9712705
0.99965495
0.00010949
0.01415789
0.29122028
0.8514094
0.02152943
0.31698567
0.00311045
0.0768378
0.18078287
0.00538123
0.9608434
0.98210514
0.96050006
0.985903
0.5178677
0.00371398
0.03795817
0.35990366
0.96460015
0.9602323
0.4010141
0.99760926
0.9581915
0.9994272
0.9903876
0.596439
0.9760241
0.997317
0.00263592
0.9981842
0.1578177
0.00233191
0.9809104
0.0009763
0.99682343
0.99968386
0.9910291
0.00050711
0.41496336
0.5216547
0.99564785
0.0404756
0.98684466
0.00097372
0.01430951
0.9996973
0.04666179
0.0764322
0.01554832
0.9853543
0.995498
0.9602434
0.07906091
0.9544938
0.9935146
0.11201682
0.9986889
0.9714116
0.65738964
0.99861187
0.33582625
0.9998034
0.3140371
0.00064776
0.00104693
0.00090446
0.01082934
0.04013554
0.42933887
0.00461567
0.07497396
0.26934353
0.9727647
0.92577636
0.28042606
0.00276625
0.02100816
0.98099875
3.0672905e-05
0.96393967
0.0056566
0.9161904
0.9981933
0.80598307
0.9926294
0.00371121
0.0014728
0.3705142
0.4650778
0.02168211
0.00340424
0.6538218
0.9922534
0.00655998
0.00428707
0.0320244
0.4940306
0.46618792
0.99741423
0.24449793
0.9998338
0.86376023
0.10369242
0.992491
0.00371737
0.95517385
0.03952693
0.00107023
0.00470634
0.7323735
0.00481572
0.9859361
0.05711681
0.58995426
0.55879986
0.9971299
0.0033214
0.00346936
0.70761216
0.99975413
0.9128846
0.76426286
0.9996209
0.01355483
0.9932424
0.00781302
0.7106551
0.00865147
0.24982743
0.0011139
0.55535847
0.00961313
0.04155345
0.01701644
0.9966758
0.99893475
0.18142854
0.9479213
0.6786812
0.59227383
0.00943458
0.9059658
0.99867684
0.13135771
0.98467135
0.9772476
0.95335704
0.9266211
0.9986674
0.03287174
0.997671
0.5528438
0.00333922
0.24894573
0.78315157
0.9960161
0.5945775
0.04913944
0.98521423
0.9986863
0.18639082
0.00043653
0.99095047
0.9995331
0.01790878
0.07354107
0.9962362
0.9214223
0.99622595
0.33500627
0.99318653
0.00257218
0.01590204
0.9749651
0.7939032
0.00483829
0.99164164
0.06434196
0.27429268
0.98155314
0.99859065
0.11188206
0.65703845
0.99920887
0.98112303
0.01075475
0.550417
0.04747739
0.7931765
0.99601823
0.913831
0.2993565
0.00743524
0.01297773
0.9792543
0.00632677
0.9515302
0.07861257
0.00714121
0.29851168
0.99960744
0.9939015
0.00453448
0.66764796
0.99391174
0.9999455
0.45692953
0.9989022
0.98871094
0.99108374
0.9868102
0.02270011
0.23487936
0.42811987
0.9677902
0.11084836
0.00356167
0.99892133
0.00736659
0.99532676
0.02855637
0.9666506
0.9814607
0.99015254
0.9254388
0.9515104
0.0103825
0.9151572
0.99929214
0.08629857
0.00057623
0.6776531
0.08592396
0.8331812
0.85535043
0.15658917
0.9814927
0.9557528
0.9880664
0.03184912
0.99736995
0.5947424
0.4855534
0.00657953
0.5115043
0.06636049
0.0008534
0.16210966
0.05798621
0.00795681
0.9974618
0.00221553
0.27532458
0.00511285
0.30591834
0.97977257
0.00091236
0.00031915
0.5221411
0.0013014
0.00358549
0.18984653
0.08644522
7.699794e-05
0.55527836
0.9994472
0.9980617
0.05078672
0.9960382
0.98618907
0.0006057
0.01638158
0.03900016
0.668022
0.6633737
0.9982394
0.16842324
0.0191566
0.9900427
0.010414
0.00080581
0.003538
0.00107362
0.04484054
0.13614151
0.00405007
0.001254
0.26420856
0.00213675
0.9329927
5.484386e-05
0.01679935
0.08130676
0.01274017
0.95580673
0.9982976
0.9992678
0.04987249
0.02117415
0.9781603
0.07381399
0.06619547
0.9988157
0.9802169
0.9753655
0.93354654
0.08656723
0.24152023
0.00284405
0.00253539
0.00039587
0.9973781
0.94916445
0.00059954
0.99271697
0.995304
0.00231236
0.99991685
0.98310894
0.99916416
0.08953935
0.05683999
0.30588007
0.03449332
0.05691709
0.9062804
0.99932027
0.98537743
0.9709133
0.9995427
0.02134655
0.014247
0.99733794
0.7200702
0.9981065
0.00404852
0.30313298
0.16010341
0.03721815
0.20540465
0.99813724
0.9822229
0.06624936
0.00141645
0.28301653
0.01168535
0.09027652
0.58566934
0.9637249
0.00340992
0.75253916
0.23888549
0.6790705
0.014188
0.98175716
0.9984281
0.99903095
0.9980695
0.15253553
0.00043454
0.00415681
0.04649622
0.07008398
0.00335459
0.43924224
0.32950985
0.99814177
0.99645054
0.3855964
0.99827355
0.7269348
0.94576377
0.01058092
0.07116904
0.26747352
0.21320924
0.9930507
0.03325392
0.9631405
0.99808633
0.9952688
0.03607379
0.9453874
0.01760614
0.7933514
0.7940483
0.00033429
0.0003185
0.01067089
0.21396732
0.00351897
0.9613695
0.7456794
0.8036696
0.01786685
0.06158844
0.9498123
0.40580112
0.2805892
0.00060551
0.03507591
0.01983039
0.99284256
0.99984765
0.00077523
0.32736236
0.08146556
0.15532783
0.62419426
0.07544001
0.97152096
0.99932444
0.78915673
0.11128633
0.00021971
0.00563895
0.9830601
0.99875253
0.18019776
0.9953578
0.00367836
0.01034127
0.98901075
0.02459644
0.99985784
0.01818441
0.01500645
0.01471632
0.4396164
0.99953705
0.00532621
0.996141
0.01359504
0.9939595
0.9987429
0.8416504
0.17686777
0.01183816
0.03307132
0.00517417
0.9879271
0.7050632
0.7861266
0.55718637
0.9909773
0.70097625
0.00897036
0.01630528
0.46452373
0.9995403
0.9956434
0.69427115
0.6341432
0.9999133
0.00212433
0.99649036
0.9935265
0.98612785
0.9992251
0.00015112
0.00031531
0.91811234
0.31363672
0.0117329
0.0098565
0.00047364
0.00052214
0.03900988
0.05048302
0.99958277
0.22330418
0.03382532
0.99371266
0.00204567
0.05532921
0.21005963
0.764189
0.00033666
0.98275876
0.9749889
0.086994
0.00180618
0.99920434
0.0069382
0.99974495
0.99821025
0.00640269
0.05681571
0.01945801
0.01037387
0.10322417
0.9914851
0.96905714
0.9701588
0.1177129
0.9992355
0.00298163
0.9996721
0.976989
0.09538355
0.9992157
0.2480797
0.00510412
0.10838781
0.0172631
0.9985637
0.955625
0.02283769
0.999061
0.00918109
0.8568353
0.97430134
0.99965537
0.9726861
0.9956579
0.23130229
0.01458185
0.9655816
0.7171997
0.05168984
0.997944
0.9970142
0.9994916
0.08673519
9.239672e-05
0.982787
0.9430104
0.00131866
0.00192341
0.00827606
0.57675755
0.00800388
0.99977845
0.00051636
0.001685
0.9992059
0.8330005
0.00608441
0.25348288
0.21875508
0.8732668
0.94517463
0.8760647
0.9975137
0.13073425
0.00153229
0.72204256
0.9848716
0.9999844
0.9951999
0.9983626
0.00109381
0.0067879
0.04517064
0.09398723
0.25630683
0.0144199
0.46933752
0.999323
0.9974024
0.9957935
0.00058376
0.9640758
0.9595808
0.02024472
0.04211615
0.9978805
0.1434872
0.4671479
0.5343895
0.00080541
0.38051456
0.08247823
0.9893598
0.9905183
0.10212036
0.8152941
0.99399555
0.1466306
0.12040249
0.99638385
0.5259208
0.9962797
0.48316562
0.02675994
0.9964373
0.9986305
0.01817962
0.7109487
0.06156532
0.22857049
0.9908308
0.9989266
0.9975311
0.9982423
0.8940055
8.16781e-06
0.96885914
0.028701
0.97954696
0.5130422
0.976512
0.13556449
0.35046837
0.02240326
0.00706234
0.9923776
0.9991679
0.04368469
0.9797186
0.9871202
0.96091545
0.01221987
0.00771275
0.94000924
0.00062729
0.00830224
0.55025077
0.47059742
0.0001154
0.09686565
0.15405667
0.02870006
0.2476262
0.6284204
0.99963653
0.9985322
0.0528149
0.0073804
0.99804014
0.46096665
0.01859389
0.08093383
0.00345176
0.8212854
0.6998553
0.9902612
0.8440815
0.26500627
0.03672201
0.99193954
0.00250349
0.9991136
0.9911127
0.00879263
0.00031165
0.9998477
0.9982224
0.00517368
0.9996899
0.00137283
0.9947428
0.95699877
0.9982911
0.9977823
0.99645495
0.9430902
0.0230775
8.973006e-05
0.56556255
0.9986081
0.16444986
0.10137001
0.21066856
0.98344296
0.998837
0.9993365
0.00189638
0.301883
0.8038268
0.0097588
0.00024922
0.9983541
0.9985948
0.11868807
0.0020272
0.9966781
0.00570547
0.9992979
0.00449512
0.00452185
0.00047505
0.59293926
0.01611134
0.01060938
0.00396825
0.99244
0.8745863
0.0093969
0.7533896
0.9907419
0.99931246
0.9998415
0.9995381
0.97836906
0.9996097
0.9844964
0.7522767
0.00607805
0.9974731
0.03628398
0.00441204
0.3191221
0.00342466
0.9993591
0.06779875
0.99503255
0.999448
0.9985633
0.2654256
0.00195022
0.9923722
0.9519742
0.9552704
0.02248848
0.9962396
0.92395407
0.9473238
0.5245289
0.9999114
0.00158012
0.15473492
0.9906965
0.10019962
0.9974167
0.04767388
0.07112815
0.9908327
0.00063674
0.20256898
0.00594905
0.00234395
0.994173
0.9978555
0.96056473
0.5870377
0.9985945
0.9978896
0.11258896
0.00535391
0.9823736
0.00330969
0.02281744
0.98131615
0.9964098
0.6638954
0.01169043
0.99976647
0.00199385
0.8827667
0.12861492
0.00405844
0.9983927
0.01543904
0.99845207
0.25116736
0.99473953
0.9943587
0.9431334
0.14156267
0.95076406
0.9613336
0.99791884
0.04171899
0.99126995
0.00958671
0.99837977
0.18735649
0.995143
0.41392186
0.00035529
0.00292901
0.9970266
0.00080925
0.00360199
0.12598819
0.99325955
0.90702677
0.14123458
0.90541726
0.00419684
0.00148735
0.8585888
0.995992
0.00384607
0.00015506
0.18540356
0.00855565
0.9996947
0.00052551
0.99896145
0.99853677
0.4984658
0.9944474
0.00688922
0.9387964
0.03937148
0.00708824
0.6360198
0.99929446
0.99368083
0.04167301
0.969179
0.00029204
0.94224834
0.01130802
0.0010925
0.998242
0.01319388
0.07105559
0.993313
0.35815176
0.9984829
0.97391844
0.00256751
0.5147709
0.02369237
0.9435129
0.9939455
0.96508044
0.01056781
0.9997719
0.00263426
0.00327954
0.10035539
0.00739894
0.99867016
0.0007218
0.35013738
0.02447085
0.00050948
0.13094164
0.9944311
0.00028421
0.73957574
0.09455209
0.99947363
0.07328311
0.11046565
0.99002296
0.00074148
0.9931101
0.9670368
0.01554055
0.06959032
0.97477126
0.9788552
0.00127885
0.95049196
0.9994787
0.64152896
0.0134641
0.02508573
0.00015177
0.55603445
0.0002916
0.21118368
0.05760416
0.9982947
0.9939208
0.9980494
0.05700475
0.16081578
0.94724065
0.4336861
0.58086044
0.9993291
0.99696386
0.9977599
0.03557121
0.00048073
0.00411674
0.9904647
0.9942244
0.00463789
0.99893624
0.9976378
0.99968946
0.9925389
0.8645069
0.00125863
0.9990518
0.10511778
0.00088908
0.04970369
0.9380685
0.9108701
0.8286594
0.9561409
0.9988317
0.6027444
0.07555524
0.9958677
0.98959285
0.2919355
0.00175106
0.9998536
0.00607239
0.06718338
0.073815
0.85933745
0.13728294
0.01115903
0.40292588
0.9577637
0.09481939
0.31820574
0.95682925
0.00164677
0.9959413
0.00169087
0.01833361
0.05562538
0.9877101
0.08671124
0.9996409
0.00010017
0.11910748
0.99969715
0.33181548
0.36353514
0.99339795
0.98445237
0.8147177
0.9988996
0.99667233
0.01576672
0.997741
0.05454191
0.99432814
0.00080818
0.99396586
0.9910735
0.00124193
0.11554063
0.13824996
0.7672277
0.51880157
0.97391796
0.9905331
0.00405449
0.990533
0.00712177
0.00660138
0.13776456
0.05736283
0.05926703
0.99915856
0.954405
0.07549828
0.00289277
0.00010052
0.55634916
0.96627784
0.4871326
0.94294053
0.99932367
0.99972117
0.6341375
0.99863255
0.00353123
0.14598899
0.30477068
0.00145957
0.9982453
0.68115574
0.9962501
0.7432285
0.9413313
0.12117388
0.00092391
0.9987426
0.00780571
0.9889668
0.13694128
0.9879933
0.98903614
0.60081
0.5983418
0.08526067
0.05017535
0.01331312
0.40538448
0.9876983
0.00146062
0.9852686
0.9952618
0.9565773
0.00560537
0.4259324
0.00083371
0.9892405
0.03600007
0.00189135
0.9993045
0.9998853
0.99866074
0.48110774
0.00089837
0.5240878
0.02355703
0.983164
0.00259818
0.89238065
0.9943639
0.9617151
0.96144545
0.97337806
0.13663693
0.02718314
0.9957121
0.00082308
0.9985682
0.99075735
0.00428598
0.09213308
0.996234
0.00490914
0.9954954
0.9976739
0.30967256
0.08599933
0.00829623
0.92248684
0.00995894
0.92565286
0.00099447
0.00888517
0.8974835
0.5482321
0.6327423
0.9984044
0.1860834
0.9856904
0.01117554
0.39064562
0.00409484
0.15013646
0.00256739
0.994892
0.01988109
0.00259596
0.9993534
0.55386585
0.05023682
0.995415
0.1253803
0.05279146
0.9856895
0.0060888
0.00872123
0.5811599
0.99793154
0.89008427
0.1407899
0.8223573
0.9875466
0.21855593
0.0449356
0.2507206
0.00288586
0.09447509
0.87643206
0.997463
0.801767
0.24819842
0.7039543
0.9956403
0.9983034
0.04674436
0.986459
0.9983046
0.9667089
0.9996174
0.9987892
0.2508656
0.00181894
0.9918052
0.9969473
0.9919961
0.99779797
0.98391074
0.05792868
0.0036027
0.9966413
0.09902301
0.65610063
0.9803671
0.23578773
0.04058693
0.9978893
0.00128701
0.01241172
0.15304421
0.01208553
0.99668545
0.99965173
0.47305703
0.02113731
0.02500837
0.9929688
0.00083908
0.01833428
0.00079704
0.99648184
0.9806715
0.00466229
0.9939265
0.99511075
0.00036743
0.99407357
0.8986441
0.00198342
0.9963501
0.00121132
0.6549878
0.00062484
0.7804615
0.6522672
0.58925897
0.99328876
0.9895701
0.00066815
0.6599897
0.99512345
0.05559915
0.5805033
0.98824024
0.00200221
0.9534427
0.99268967
0.00252126
0.05172955
0.5671828
0.04670876
0.946385
0.999607
0.13339229
0.99973017
0.7398306
0.9520865
0.02325244
0.9998789
0.04744257
0.00535685
0.9824377
0.9967458
0.00375912
0.9982126
0.998632
0.9945879
0.26709637
0.00124595
0.0035327
0.9860542
0.9994644
0.11294418
0.998932
0.00193661
0.003782
0.9916649
0.9994725
0.00176171
0.98975146
0.00266202
0.00138707
0.9597121
0.01806159
0.7887502
0.00022716
0.00133315
0.10876017
0.9645572
0.0015819
0.9636753
0.9860105
0.5281015
0.9992707
0.9913353
0.02279203
0.00134853
0.04885791
0.9977241
0.04498893
0.3580967
0.99361885
0.01029168
0.9972952
0.0012574
0.12304451
0.9751416
0.01474214
0.9335928
0.0010498
0.99787813
0.99816114
0.7888164
0.28852576
0.00840461
0.09823968
0.04754809
0.9913037
0.92675894
0.02068912
0.99928397
0.9971809
0.983145
0.04280093
0.1368258
0.9858802
0.00042304
0.99828374
0.9993782
0.70465034
0.21654312
0.9977438
0.9959577
0.9828007
0.00077696
0.00633469
0.15805267
0.10145544
0.00011219
0.5566836
0.98339564
0.00317849
0.96569085
0.00291531
0.0010013
0.9525422
0.8900824
0.9885197
0.01418839
0.01145937
0.91399884
0.1310974
0.95932305
0.3067557
0.01999046
0.03409266
0.00889716
0.97542465
0.06205789
0.00022756
0.01245694
0.99611115
0.0105149
0.00533281
0.056128
0.68337506
0.89318866
0.9732452
0.0301195
0.02050252
0.94788486
0.01504731
0.18103096
0.09568824
0.9999311
0.98129874
0.9995962
0.00279585
0.9945487
0.00122079
0.00054349
0.36009234
0.13308442
0.16559276
0.64278555
0.99286777
0.05190148
0.9945273
0.93439436
0.9763922
0.9551446
0.9948365
0.9872902
0.02980909
0.00019465
0.97657174
0.00239073
0.01296163
0.03571037
0.00039711
0.01590033
0.9866764
0.0068498
0.14825197
0.16842666
0.45646372
0.9501061
0.06612176
0.9662953
0.957488
0.03236203
0.10716505
0.03262365
0.9919713
0.01824619
0.03796434
0.8706875
0.00209236
0.7883948
0.00131048
0.8114902
0.5262217
0.99934584
0.15524048
0.00954811
0.19304605
0.0123894
0.9662107
0.02712949
0.9989208
0.01257505
0.77845234
0.99516153
0.00029793
0.18965927
0.82408696
0.9764258
0.69496876
0.00397841
0.9675429
0.00666427
0.98011225
0.16824563
0.7300254
0.00223838
0.99942863
0.2625482
0.1630216
0.99127126
0.01365029
0.00267625
0.3003455
0.99568814
0.00394246
0.00265344
0.9966183
0.00241934
0.5958567
0.9996531
0.7203431
0.03416025
0.00862689
0.00891476
0.94644105
0.08086993
0.00794421
0.01834993
0.00573164
0.98506784
0.99184966
0.2706057
0.15794784
0.98893094
0.43646288
0.23185787
0.00368289
0.00032708
0.0067234
0.17219073
0.0002306
0.02559775
0.92160875
0.9933222
0.9993826
0.05792792
0.98580736
0.99660176
0.9984893
0.9972112
0.8308481
0.99279475
0.03162309
0.03061462
0.9738108
0.00310204
0.99579114
0.9759586
0.97786146
0.07259927
0.02724537
0.9890012
0.8532914
0.99245954
0.00081517
0.994163
0.00194748
0.00493142
0.05647086
0.07047123
0.99973977
0.96616006
0.02054146
0.0407327
0.7153126
0.4708448
0.02897295
0.99663705
0.13869739
0.25271815
0.08626118
0.00740535
0.32405367
0.99550396
0.39228922
0.9985082
0.00288484
0.99061614
0.9965756
0.00927261
0.99582887
0.03952542
0.05697414
0.68058246
0.999531
0.00863501
0.78875107
0.99801433
0.00175828
0.00478921
0.99922884
0.99435556
0.0360402
0.7844331
0.9751856
0.04319087
0.99944884
0.00778866
0.46000013
0.44712916
0.997825
0.9733994
0.9960509
0.12736666
0.07663187
0.50532675
0.9847734
0.9954411
0.9959598
0.00169392
0.995837
0.98764557
0.99872386
0.002464
0.98859894
0.00146198
0.9772728
0.9946087
0.98017436
0.00049324
0.03968485
0.9967628
0.99515474
0.04349696
0.9470429
0.9731586
0.9940548
0.98140836
0.9895084
0.997331
0.27938727
0.98468745
0.10603306
0.00058535
0.9917001
0.990947
0.99042016
0.793063
0.9570737
0.4218073
0.87274307
0.9927849
0.47631222
0.9968236
0.00090641
0.1662294
0.07089425
0.9964054
0.9956516
0.16178425
0.00571828
0.97014797
0.9950199
0.00323326
0.21321289
0.00312217
0.9947046
0.02600581
0.9686974
0.12092922
0.1769511
0.99632174
0.41485167
0.05910209
0.995817
0.69721687
0.0618651
0.9964806
0.00571841
0.94149095
0.9975014
0.15027592
0.25017104
0.94337106
0.8969791
0.13277937
0.01830264
0.65889955
0.9966585
0.9910723
0.992602
0.89997196
0.24616198
0.9922984
0.04602764
0.63244647
0.6469902
0.9854216
0.02403214
0.02258712
0.09246862
0.26132557
0.9677183
0.96578556
0.52355325
0.99910843
0.07056081
0.97067153
0.9425982
0.00831035
0.02502595
0.12463645
0.0001523
0.7777729
0.03230002
0.46114695
0.7193249
0.02401803
0.9986144
0.9383895
0.05200832
0.9875971
0.9845664
0.9983262
0.01778817
0.42974088
0.0513608
0.03818339
0.96599317
0.00093163
0.44949043
0.13905501
0.99936587
0.99716747
0.00412983
0.8798434
0.00539719
0.19412087
0.00224059
0.9990652
0.3918106
0.9750968
0.9852177
0.9579791
0.08683638
0.00110961
0.00232009
0.0036652
0.3740727
0.97591066
7.721941e-05
0.01897083
0.10309171
0.7674697
0.91850305
0.9923383
0.00158238
0.9880216
0.0236137
0.9343958
0.02108017
0.04686849
0.99867284
0.00047213
0.040662
0.0005937
0.06560197
0.96213454
0.6390142
0.00189772
0.12359668
0.01663277
0.0348334
0.00548677
0.9924571
0.98836285
0.99917394
0.2881443
0.99775594
0.57436025
0.89690745
0.00298977
0.2487485
0.0140743
0.99949324
0.25867587
0.4371475
0.11851112
0.51782423
0.17783502
0.02187228
0.01628145
0.00492681
0.8387876
0.19421947
0.920189
0.99343395
0.06884538
0.99584335
0.01103957
0.92260057
0.933384
0.90465516
0.9995466
0.9587347
0.10602071
0.285795
0.48604548
0.09543782
0.05078937
0.00566516
0.16586667
0.00311462
0.99957085
0.6007883
0.95632064
0.03830842
0.00887129
0.01518616
0.01864573
0.9987926
0.01307715
0.15554132
0.98944294
0.09343822
0.8037149
0.16491412
0.00054672
0.94626504
0.98379415
0.57520634
0.04112308
0.20391215
0.5503957
0.01535784
0.96408325
0.936678
0.02488757
0.00714425
0.49886227
0.05775995
0.98839843
0.0938095
0.99841106
0.21558766
0.92790896
0.9899692
0.02772727
0.68860894
0.02322572
0.00481382
0.10263219
0.99938697
0.936981
0.0480771
0.00517845
0.99995434
0.01939347
0.3108145
0.41235414
0.99656636
0.713813
0.9748291
0.99695367
0.00418315
0.00566191
0.22927696
0.99221885
0.06658609
0.97666687
0.00681513
0.1835209
0.00541716
0.02847482
0.62103575
0.45631328
0.62356687
0.00020094
0.7820992
0.2289028
0.37404478
0.01512279
0.48099768
0.9964257
0.06658738
0.06561067
0.9648793
0.00915514
0.06902403
0.9523366
0.18869244
0.9936439
0.0016622
0.99511343
0.01141864
0.999155
0.6764282
0.99574244
0.02927391
0.2777649
0.97726494
0.02383574
0.79206
0.1016264
0.9875124
0.04700211
0.681751
0.9984905
0.00372106
0.10503046
0.16628675
0.00336075
0.04063102
0.02225227
0.18242672
0.00584195
0.01326343
0.06065587
0.05656547
0.97574663
0.39756203
0.14606863
0.04250328
0.99417096
0.635462
0.00296114
0.99918306
0.9958937
0.9861092
0.41027126
0.16139376
0.8919315
0.01157917
0.98806924
0.9880508
0.96408343
0.4354295
0.6690549
0.76455295
0.14999165
0.25849217
0.9948821
0.02200015
0.9976938
0.5205209
0.02699407
0.15621327
0.17504865
0.506654
0.93059736
0.98606914
0.36339396
0.11604377
0.98809177
0.9627778
0.99512094
0.00902163
0.5286672
0.16563182
0.04102296
0.14662546
0.02193741
0.03210376
0.97428906
0.08238773
0.9802745
0.00263025
0.14583658
0.9939012
0.07002166
0.82182235
0.00165452
0.9127375
0.98362625
0.05480814
0.99880403
0.37337014
0.05425369
0.9923365
0.12541477
0.11232704
0.60031646
0.04423362
0.43227765
0.9769029
0.9972666
0.02280066
0.72114336
0.9997509
0.01216045
0.6632463
0.9788632
0.9872607
0.04113913
0.16178595
0.9900648
0.9993792
0.11355866
0.00244381
0.93422323
0.9251722
0.01168781
0.9812158
0.00502657
0.99709964
0.95453006
0.00516723
0.99510664
0.02039802
0.9802526
0.00603792
0.9965071
0.9870942
0.03482703
0.31170458
0.06750847
1.0410157e-05
0.97339183
0.99845093
0.6482406
0.9864053
0.9943496
0.9995361
0.00320679
0.00323188
0.99167496
0.03969574
0.07737031
0.9870951
0.00035669
0.99567294
0.7806289
0.32489696
0.95663244
0.00275842
0.0177577
0.01005832
0.00136073
0.60414433
0.99438757
0.2731141
0.36515993
0.99897426
0.9642413
0.03738891
0.00178247
0.9508456
0.00017082
0.86553025
0.99644136
0.8547717
0.00840324
0.00425533
0.99657476
0.01274639
0.8723704
0.6204517
0.08569106
0.2581935
0.99544686
0.9987123
0.9146976
0.35128286
0.15039246
0.4099207
0.994433
0.04134747
0.9107167
0.16478497
0.99434114
0.9028726
0.08311914
0.27456018
0.9958423
0.7001069
0.65671957
0.9908832
0.9872612
0.00319526
0.9994776
0.00910516
0.99237025
0.9938297
0.03551993
0.05471617
0.04767777
0.0032092
0.43768397
0.49410057
0.06188245
0.8829393
0.955031
0.00282935
0.9511496
0.99757475
0.9708296
0.08227477
0.07006561
0.29370403
0.7589361
0.35471582
0.02485887
0.26531187
0.9057423
0.9045872
0.9952532
0.03309771
0.00125236
0.11320419
0.00078545
0.20228495
0.98371375
0.8227189
0.00240828
0.01155492
0.01398592
0.81297505
0.06928005
0.9691789
0.00405571
0.98354477
0.9994096
0.99357516
0.9897726
0.00551188
0.07665362
0.99622166
0.0142832
0.00309902
0.03615117
0.09817174
0.00125041
0.01762471
0.99762756
0.9930933
0.9994045
0.9576161
0.99351627
0.97550607
0.03659795
0.99674547
0.55176884
0.65054464
0.99750566
0.04317104
0.13853964
0.9955706
0.00129155
0.9504523
0.0014589
0.00328222
0.01118808
0.49983218
0.0059851
0.9976549
0.05021707
0.01565644
0.8902098
0.9848601
0.99155444
0.00385847
0.9962201
0.29482338
0.9816693
0.99670506
0.0091274
0.07039712
0.36024037
0.4128492
0.58855706
0.89332163
0.9441919
0.9994192
0.40491697
0.99749154
0.9986683
0.27912897
0.01924508
0.9999002
0.99823594
0.94117725
0.00235897
0.45096347
0.99741685
0.9704696
0.00440719
0.11341361
0.08787216
0.22281219
0.00161295
0.00348078
0.99987394
0.9741763
0.99474263
0.17276457
0.00378591
0.9180444
0.00250163
0.00775366
0.00190393
0.03964831
0.9974768
0.95815754
0.3166545
0.991378
0.7744964
0.9972168
0.97362363
0.98701626
0.9835746
0.04496822
0.01850903
0.6315465
0.01885721
0.99949473
0.07303461
0.00398472
0.2723726
0.93385166
0.00140338
0.16079487
0.64833486
0.0102927
0.00170855
0.77689385
